	BMI	PROT	TFAT	CARB	ALC	CAFF	THEO	SUGR	FIBE	CALC	IRON	MAGN	PHOS	POTA	SODI	ZINC	COPP	SELE	VC	VB1	VB2	NIAC	VB6	FOLA	FA	FF	FDFE	VB12	VARA	RET	BCAR	ACAR	CRYP	LYCO	LZ	ATOC	VK	CHOLE	SFAT	S040	S060	S080	S100	S120	S140	S160	S180	MFAT	M161	M181	M201	M221	PFAT	P182	P183	P184	P204	P205	P225	P226	VITD	CHOLN	VITE_ADD	B12_ADD
BMI	1	-0.0380775799375032	0.33170104757615	0.415206509832618	0.510132612266046	0.452473377033474	0.32532555937428	0.415405296904703	-0.0223484291835539	0.173326662147849	-0.0174879175217667	-0.112286803507316	-0.00311619883185074	0.000923212289707822	-0.00915902034420926	0.0510841367237834	-0.0143088845720344	-0.0304023141255287	-0.162805244409764	0.294650637590824	0.0851663605357326	0.201821462588012	-0.0161359996916241	-0.0748047804292048	0.132837022278575	-0.265137597676563	-0.00369926389514257	-0.267595040972526	-0.223275808357518	-0.173066216952245	-0.133593108538353	-0.0942979576414945	0.128660633253916	0.29058642223737	-0.272202131182821	0.102606419628123	-0.257773885550914	-0.0932468416088655	0.363543053792162	0.232922819222803	0.248139209581252	0.171919252373222	0.245503522474526	0.169230049804951	0.281291449629227	0.354805464536903	0.430907397214256	0.350507385998103	0.162381774288667	0.359475904264568	-0.0140797543157028	-0.0789409582742722	0.133921391911516	0.175341122991825	0.0328212809715545	-0.113537583400393	-0.0858317581492692	-0.253878460875554	-0.200883833185215	-0.265021214364299	-0.201722744035509	-0.183858051506251	0.0338542124217243	-0.0913827695163126
PROT	-0.0380775799375032	1	0.534546354893257	-0.152654801549605	0.248170229972382	0.131175607887815	0.182552424281983	-0.13657132208333	-0.366526329895044	0.302250438096677	0.0873570616682563	0.256749711205063	0.899223911389118	0.326352757710054	0.516108725455337	0.584091478772742	-0.0042931330630573	0.848833668218116	-0.306979199847438	-0.0314647995734817	0.730555953147313	0.696240759549355	0.355452201440436	-0.174245089163579	-0.162717837948553	-0.0798522463621214	-0.182271868059668	0.671725311535781	-0.0344340418118941	0.19844087271996	-0.193241421209616	-0.143688089539688	-0.133074288995925	-0.132890712208409	-0.0656312464679276	-0.0317615826974044	-0.0332957987900222	0.787063378468329	0.538270733959751	0.407542736470051	0.397760794457195	0.303075238386404	0.408926916687641	0.169408631033246	0.485256123840924	0.587143070730864	0.501096601900541	0.505231940331939	0.724392709367331	0.463852706399394	0.567539391799442	0.129963544190056	0.273694998884391	0.221043464235943	0.189166691740104	0.397860147206298	0.740443161667699	0.474816242114571	0.589008437371564	0.524270150998661	0.583350709319768	0.869232333036941	-0.389500500319602	-0.494181503460771
TFAT	0.33170104757615	0.534546354893257	1	0.464596246334801	0.472586198309028	0.493657241114171	0.644446561548042	0.465154120202347	0.0774054786905412	0.548793231059917	0.205013702062969	0.351991486634153	0.679930205554339	0.411084219259047	0.377715951039702	0.530971937849255	0.165560119584359	0.474871848820786	0.011378718889396	0.257181683429904	0.636177234520867	0.532459096949083	0.242706731570503	0.131822268017837	0.0631875062878725	0.125438357606336	0.113963404685892	0.150018502501073	0.151713606455074	0.27866573142565	-0.0504646986435091	0.0690709736623569	-0.0301803888783981	0.222272637309882	-0.0505962697963911	0.45084225920268	0.109742758811307	0.512043685591259	0.888406661071861	0.719074583373036	0.697500110823374	0.599115173893102	0.674208725447845	0.517676144573066	0.731984957521234	0.929266302466754	0.866900291816032	0.965610242721673	0.746563160931412	0.959909294628978	0.473354754326685	-0.078583875726381	0.756671279197989	0.767475588685177	0.568095613231002	0.0896508402522202	0.483611804325812	0.0654024879396726	0.224186952286559	0.120695980617591	0.3019706821096	0.459936900989449	-0.0418211921347804	-0.260506389946296
CARB	0.415206509832618	-0.152654801549605	0.464596246334801	1	0.488138380107153	0.581009489161099	0.67059974073981	0.822478408411256	0.464951405507624	0.370017279736784	0.570499537752558	0.310310270990007	0.0912603771457513	0.206104168046639	0.263335218602442	0.158791295285011	0.306920466750687	0.0417624817257529	0.11158320914321	0.512184500575649	0.0907308078891055	0.217981127728047	0.0947764171254941	0.522986131331852	0.487371485287857	0.230927988019323	0.541983414333044	-0.151865404919104	0.223118594702897	0.142979812913076	0.142365633860533	0.177871956791644	0.0405702050464433	0.443781080890161	-0.0550267618668731	0.377075459700209	0.0557292423144868	-0.22407022851836	0.402201781438859	0.255694032901734	0.232177789591911	0.228047752204916	0.214151415351163	0.277863645020007	0.273690675056414	0.390213073858743	0.487779644988383	0.415272047238665	-0.0152170377162178	0.447030204783781	-0.0554298934539635	-0.14133515637099	0.424077863681035	0.482331380402738	0.303784496290308	-0.240533867500829	-0.228748375885106	-0.297701363529562	-0.298637644796388	-0.326389985124252	-0.305508555262718	-0.269743792169317	0.208678092627705	0.154090274428862
ALC	0.510132612266046	0.248170229972382	0.472586198309028	0.488138380107153	1	0.687463890033864	0.512554474580683	0.287440240287979	-0.193137114991745	0.43857897232771	0.19605619716215	-0.112063993890809	0.348307350360479	-0.0572172916833445	0.281235581819684	0.343694138526247	-0.227741116520502	0.267628451733575	-0.446277395094444	0.28185292181465	0.344398936586033	0.352104510609077	-0.121362833542401	0.0297728472502486	0.288047196360521	-0.2846930670765	0.125608491704462	-0.0644132917266516	-0.140270993573048	0.166292172145643	-0.296661522769459	-0.203448883787062	-0.00804944598188644	0.181663724303135	-0.366385851915558	-0.129508185917118	-0.363133928854837	0.185587697769302	0.635692438512591	0.465687958427666	0.475033174144293	0.392650477499364	0.441033739187581	0.375324767620205	0.553668808578894	0.627065027347168	0.702877304261109	0.402431225390419	0.393854834494202	0.395273023531866	-0.0349957295545371	-0.0911318462630125	0.124297809776398	0.166569265745781	-0.0390277225042077	-0.202103885370403	0.183394753317605	-0.215441430627955	-0.130640281430982	-0.231195524751528	-0.187766049493894	0.0529344682497558	-0.205723249746665	-0.228876778440463
CAFF	0.452473377033474	0.131175607887815	0.493657241114171	0.581009489161099	0.687463890033864	1	0.450799968441502	0.432832089289513	0.0131815119504124	0.429133031276782	0.233968477255391	0.0841744176223586	0.234171513061168	-0.00216299828284277	0.271781527412506	0.391701099622856	-0.0555104987858815	0.162559223711788	-0.26877969802535	0.290489193315598	0.310095698698298	0.33068762628732	-0.00180535098239733	0.131232456119867	0.312525712042698	-0.160299742652667	0.20508836065274	-0.0952997280480744	0.0580238829478464	0.0408966282268804	0.0245132132644906	0.094670333215867	0.00420267167878566	0.44249076513559	-0.329089814888041	0.0762887612698186	-0.205930659724374	0.00960546068914878	0.565289465665251	0.40152371518255	0.427610494457315	0.342194521831273	0.43969954535512	0.349041402866632	0.520952088965801	0.550603785339114	0.598448391564578	0.406273003508856	0.397535578295057	0.395528845220791	-0.0182974706583483	0.0530700036673646	0.276999706258883	0.311060374744504	0.182990108719875	-0.126662192927391	0.0311988499648507	-0.171947315464909	-0.112296339308153	-0.200565168331102	-0.239572867111255	-0.120173192116659	0.0324584343521358	-0.0290600866638305
THEO	0.32532555937428	0.182552424281983	0.644446561548042	0.67059974073981	0.512554474580683	0.450799968441502	1	0.593427386404503	0.0123267837869693	0.479315874324106	0.241266752238207	0.0914224528554682	0.385552746549612	-0.0210580694794704	0.355906575913189	0.247127890737917	0.0541770339560133	0.236236465524127	-0.292064176715589	0.315111205711488	0.354658140266339	0.209565501209172	-0.116192556598482	0.210336605647473	0.310652655834958	-0.0399806404480721	0.259845908888561	-0.0133666427573516	0.0171604459129436	0.249205137915125	-0.174451021150074	-0.106742586613198	-0.0600684025892096	0.223284959732099	-0.233307631969184	0.162038774022448	-0.221427214016201	0.289915548635024	0.698975125086176	0.634213128931549	0.61177765959101	0.529014727471719	0.556850589166192	0.466199687948109	0.599467442769006	0.677050688121793	0.765732045346351	0.5754764351619	0.327052706691355	0.585780459224824	0.128791168423226	-0.0512195475260819	0.377148500973267	0.411510706254909	0.170117217939022	-0.0558341387616918	0.296610356750924	-0.0891002617539792	-0.00416651677163472	-0.0768459830657545	-0.0266679872444243	0.132729384061262	-0.0944965864960783	-0.165450178184742
SUGR	0.415405296904703	-0.13657132208333	0.465154120202347	0.822478408411256	0.287440240287979	0.432832089289513	0.593427386404503	1	0.327731387229702	0.328126329211852	0.283458883032124	0.189868124675376	0.104585936876621	0.113690042445189	-0.0355053767051861	0.0907359369336366	0.126939690856773	-0.0777589398397525	0.155855148624285	0.242659251726755	0.181800258640585	0.0886303785365153	0.0922001612859035	0.296731147631226	0.359297379708361	0.0353509826956322	0.338526343291214	-0.149571742166322	0.127202236168587	0.0903367857448503	0.0802145680919954	0.0651530485805759	0.075480310981535	0.325990377944573	0.07532395104734	0.351126042191005	0.101663077873605	-0.127762263247255	0.414764955063341	0.342902967055702	0.314328452549068	0.318229515762333	0.30215912009064	0.39115405086858	0.322911010754998	0.388285195489358	0.473919676858872	0.451936695480757	0.0562857721241142	0.477163791350805	0.0336912419816191	-0.166924267310336	0.363140053725115	0.411688302079056	0.258757806295783	-0.175917815059058	-0.167150875426124	-0.281638776275642	-0.248336273501458	-0.275177773226351	-0.152304597273343	-0.174672740871446	0.20525258291992	0.186611292558943
FIBE	-0.0223484291835539	-0.366526329895044	0.0774054786905412	0.464951405507624	-0.193137114991745	0.0131815119504124	0.0123267837869693	0.327731387229702	1	0.0611598606049008	0.519557263989046	0.638097537965211	-0.144988765325266	0.55408008484646	-0.123165147675794	-0.0171921006216441	0.684839124360452	-0.200426191453832	0.74034866290786	0.361761595031134	-0.148398433528986	-0.0172791451640259	0.340318743129619	0.615897224909205	0.115017733211103	0.800023027496759	0.470550181477842	-0.216640870749232	0.595453551138357	0.0450961436816693	0.654934829363542	0.576651993989329	0.276516855353669	0.508136563322004	0.44364309956382	0.6534165057346	0.618608869324137	-0.449084073158281	-0.172435926406602	-0.195496678139251	-0.23584517217636	-0.164003023496892	-0.22055268912501	-0.142200648330801	-0.254600029263083	-0.141067938076632	-0.17921133619661	0.123559930266208	-0.295977019179227	0.168239909825476	-0.120761339962224	-0.188496903800271	0.358344646334174	0.388105117374925	0.419528968342913	-0.173795787774009	-0.468192719511207	-0.239724961413916	-0.30219702582146	-0.248684484843612	-0.231880007875689	-0.305184774412573	0.514308211471535	0.371095791879741
CALC	0.173326662147849	0.302250438096677	0.548793231059917	0.370017279736784	0.43857897232771	0.429133031276782	0.479315874324106	0.328126329211852	0.0611598606049008	1	0.295943140082528	0.305790104805713	0.543588547234926	0.218096105911272	0.113857599690679	0.638457857235443	-0.080896163048248	0.204250571439418	-0.150415193926431	0.251531344033832	0.612380723207368	0.129732668433917	0.067356031563604	0.23276446989982	0.175679944649537	0.148475232949731	0.225563763993946	0.046038506457101	0.2951279856459	0.50496529593701	-0.0431500027838526	0.00173460361332827	0.0210527464409036	0.187208324591517	0.0343285894225743	0.210244417488687	0.0469099226996466	0.240128217030762	0.688662259841319	0.658956136847166	0.622091159747621	0.647735940339793	0.625450023478872	0.600577451920244	0.680866162507694	0.656205628309919	0.680145355636934	0.528477391455197	0.472259390614062	0.535460948954686	-0.141744606530444	-0.258078773043871	0.149756675100702	0.199311667547812	-0.0173606041159085	-0.357229218846879	0.219713502225426	-0.330130326015184	-0.170944626967018	-0.28140168784883	-0.0815527905955161	0.13844419539415	0.0445772091786879	-0.0703886404387725
IRON	-0.0174879175217667	0.0873570616682563	0.205013702062969	0.570499537752558	0.19605619716215	0.233968477255391	0.241266752238207	0.283458883032124	0.519557263989046	0.295943140082528	1	0.478209771164254	0.211798205623862	0.36205684414792	0.306780524878426	0.508595644977857	0.437354532362695	0.223541413738586	0.253343821640521	0.452054342534949	0.116149002929769	0.319746600892774	0.452512446858452	0.708832129879301	0.470819937060143	0.5305852159813	0.66509160585225	0.186611748640095	0.554040108994148	0.573308760083224	0.207744567915509	0.205795457951045	-0.0614846939836488	0.23490417184453	0.168031791424421	0.221915933791924	0.25562062894382	-0.0798575864213759	0.156959782423435	0.0608501401346341	-0.0388420985679235	-0.00206312382679992	0.0216541341037851	-0.00803389268132109	0.105604408990686	0.165115442057438	0.194831661806758	0.155018025278703	0.0026229096800443	0.167343644965457	-0.0321419299461311	-0.0027864191386172	0.243716884052642	0.257402540785341	0.240191720623664	-0.0665792486452942	-0.0834544586575239	-0.0584969454795978	-0.0803035997361078	-0.079144527269935	-0.140760589952841	-0.005401139078012	0.100653844437295	0.271076559021486
MAGN	-0.112286803507316	0.256749711205063	0.351991486634153	0.310310270990007	-0.112063993890809	0.0841744176223586	0.0914224528554682	0.189868124675376	0.638097537965211	0.305790104805713	0.478209771164254	1	0.417565352884686	0.702100669576661	0.252685275359409	0.354757136487652	0.706051315204853	0.324347100488258	0.415096948164718	0.254597818052933	0.379244549883671	0.290461912304613	0.417303898735011	0.400183527188486	-0.0446959092156489	0.654699993714501	0.261249305983638	0.165003233397437	0.432246606709623	0.0477981524668325	0.458874046446692	0.43297021900197	0.254901180255853	0.290925316421012	0.473557280371701	0.506551517253993	0.592084286127544	0.0178790269794315	0.147886400032774	0.0439998824947583	0.0316988097121152	0.0566841358957656	0.0737344854146672	0.0301254928743954	0.0580855260786454	0.192120439906179	0.114322651163896	0.374803169321663	0.110427308086413	0.393396780487338	0.141648047370969	-0.0283449070467486	0.443211195073586	0.451970030653064	0.385547458389733	0.0359446414235572	0.02046773280639	0.0496205702528671	0.0485426907789993	0.0555420302164172	0.0459419662590518	0.19612465790825	0.161757811041156	-0.0483465231971596
PHOS	-0.00311619883185074	0.899223911389118	0.679930205554339	0.0912603771457513	0.348307350360479	0.234171513061168	0.385552746549612	0.104585936876621	-0.144988765325266	0.543588547234926	0.211798205623862	0.417565352884686	1	0.413672376035471	0.422508098816239	0.686783037058782	0.0463374157935744	0.752311744933565	-0.249587229184197	0.078853845656825	0.811345411809149	0.605820145914486	0.343715261091294	-0.0184466727147767	-0.078365841440084	0.05853786903191	-0.0428113014647546	0.522414452707781	0.157888979633195	0.367443981550661	-0.0953929383292655	-0.0673602972699676	-0.10432315661742	0.0345333664025801	0.0417874691946032	0.106023920005341	0.0641476271946166	0.719053636829646	0.698042144782129	0.597364650014361	0.562713455366586	0.477614274040155	0.566171792318391	0.350586791825212	0.633911834871357	0.729563757336962	0.66524842918466	0.656540892472686	0.729246164171603	0.632219559677514	0.449835614346987	-0.045925037241841	0.347362080991656	0.326730751259638	0.208809774227934	0.191007923299552	0.648643181575117	0.246550243173294	0.39314358263995	0.313545860289686	0.444376399893641	0.774359646844052	-0.322977297743242	-0.405018083610461
POTA	0.000923212289707822	0.326352757710054	0.411084219259047	0.206104168046639	-0.0572172916833445	-0.00216299828284277	-0.0210580694794704	0.113690042445189	0.55408008484646	0.218096105911272	0.36205684414792	0.702100669576661	0.413672376035471	1	0.189166233438439	0.261810600970133	0.600832234772921	0.314881302976345	0.502939247047713	0.451454032731886	0.304378128128031	0.498397129137663	0.627942393681934	0.282053980580796	-0.195752581102637	0.650666649919009	0.123224162508967	0.251780280838031	0.423697877752918	0.0750421337723794	0.432148977726728	0.387683138448789	0.252462373453665	0.343142664832363	0.350889153628352	0.560941559247993	0.523387412315611	0.0733441570142567	0.158959299230635	0.0284606058567077	-0.0138442799824992	0.0559832042576537	-0.00181647119720611	-0.0261222336264146	0.0342479183279068	0.234485180261868	0.126333714234161	0.493312197491807	0.247540485213866	0.500095101284604	0.400945213393656	-0.0403170906176605	0.465257457131557	0.454795147423918	0.425708626756238	0.175435460501464	0.0533139506936542	0.169259235021445	0.182564602948935	0.195620068538597	0.295149965844469	0.293486423727439	0.173033234030385	-0.0233373961938716
SODI	-0.00915902034420926	0.516108725455337	0.377715951039702	0.263335218602442	0.281235581819684	0.271781527412506	0.355906575913189	-0.0355053767051861	-0.123165147675794	0.113857599690679	0.306780524878426	0.252685275359409	0.422508098816239	0.189166233438439	1	0.231346348843722	0.260948992111088	0.702070149632811	-0.199469557437645	0.187065297947855	0.276773975086361	0.553412250485466	0.0744708629591017	0.0965758253002183	0.0403436744402527	0.0972448245814847	0.0802966018870828	0.442588676021341	0.0856743712489215	-0.0007700258791714	0.0739607210560844	0.227059581248947	-0.204233471076797	0.0885200131341133	-0.222240629225893	0.181304342460947	0.00684530159428838	0.39370863580761	0.240451116674684	-0.00392951691183416	0.00996067398729005	-0.0573569749967499	-0.0107462615278448	-0.0890349368369771	0.0880788033731641	0.307389016352343	0.285695296436448	0.315709454367985	0.247393755103083	0.302197298856964	0.366343902539048	0.32506002194552	0.436205632110108	0.409296304730255	0.311841792494746	0.32904221501647	0.4601324219647	0.433350008635395	0.406368228659102	0.399824048690463	0.246368139719836	0.443540333817561	-0.151741240892946	-0.397114074381704
ZINC	0.0510841367237834	0.584091478772742	0.530971937849255	0.158791295285011	0.343694138526247	0.391701099622856	0.247127890737917	0.0907359369336366	-0.0171921006216441	0.638457857235443	0.508595644977857	0.354757136487652	0.686783037058782	0.261810600970133	0.231346348843722	1	0.00637042811728929	0.392954648685023	-0.175729545836279	0.187345268337863	0.655908718773414	0.320811170564537	0.307677163574917	0.206599126356085	0.114675241272162	0.178577167719374	0.184825894069978	0.189181133083208	0.36710583273852	0.581641812276527	-0.016317226285648	0.0182347371521686	-0.0984239745868654	0.131573845538424	0.0620375961860596	0.0644256522544749	0.071504796793623	0.462384316005275	0.626497983408661	0.529999258350831	0.460030885755282	0.429291420392423	0.560416345728274	0.323014109388563	0.597225733661427	0.628015230461855	0.608139673458736	0.501319289096362	0.588215075820046	0.490362901977731	0.0493415407764687	-0.0997602060160271	0.194979566643461	0.206421670650232	0.110617091947497	-0.111837651271888	0.424987099755258	-0.0939213268263302	0.0371633945083274	-0.0591137650995881	0.0219072842788533	0.440258094867404	-0.16054364333315	-0.103365412793505
COPP	-0.0143088845720344	-0.0042931330630573	0.165560119584359	0.306920466750687	-0.227741116520502	-0.0555104987858815	0.0541770339560133	0.126939690856773	0.684839124360452	-0.080896163048248	0.437354532362695	0.706051315204853	0.0463374157935744	0.600832234772921	0.260948992111088	0.00637042811728929	1	0.208055752702711	0.529983660629329	0.4131053824137	-0.0141397664136775	0.313216493168592	0.540259557392348	0.588038955798956	0.160702681371612	0.704126742576842	0.467280212608321	0.172343257673981	0.386457356491164	-0.112163202190222	0.534687336522668	0.439963576482283	0.18042685025521	0.416149019204298	0.338620192291854	0.548380869355686	0.498293326556971	-0.169318931051811	-0.130046816848918	-0.230558451261597	-0.244102167241352	-0.165634188391752	-0.215065256925968	-0.149170277134769	-0.240912302192202	-0.0762089959033621	-0.135466040146199	0.163885986014766	-0.174577401316191	0.189365736885428	0.184774564608238	-0.0455299335383085	0.499390992509598	0.493168133179746	0.541345784240431	0.124244801755376	-0.15600625298338	0.0917444763006008	0.0171606286149546	0.0756282515617642	0.052196931447487	0.0173548929468968	0.310978563552583	0.247136737538914
SELE	-0.0304023141255287	0.848833668218116	0.474871848820786	0.0417624817257529	0.267628451733575	0.162559223711788	0.236236465524127	-0.0777589398397525	-0.200426191453832	0.204250571439418	0.223541413738586	0.324347100488258	0.752311744933565	0.314881302976345	0.702070149632811	0.392954648685023	0.208055752702711	1	-0.182199649254635	-0.00216483308882634	0.532594147821786	0.818468747576102	0.375967845183228	0.0115989639804274	-0.0172368530954701	0.0343779586611324	0.00029984263146162	0.748211226808154	0.0519608567142234	0.094338593556716	-0.0300694706961793	0.0962686362132881	-0.211615596152218	-0.101850457983662	-0.0821774673111754	0.124972244123135	0.053371595962826	0.55521921606289	0.391137554080437	0.211096917818838	0.21879894690248	0.125314236677391	0.204440169003992	0.0722817679689639	0.302302744462412	0.446801595985752	0.384886480779645	0.421311393075463	0.481323800059388	0.394441748375622	0.524507734229328	0.149501201773813	0.394682823523671	0.348420485225166	0.304580666601833	0.392973821900115	0.557070433465199	0.512301434755396	0.542592194119777	0.51899209329688	0.485002416254747	0.68074031066962	-0.268719282215404	-0.433853135553054
VC	-0.162805244409764	-0.306979199847438	0.011378718889396	0.11158320914321	-0.446277395094444	-0.26877969802535	-0.292064176715589	0.155855148624285	0.74034866290786	-0.150415193926431	0.253343821640521	0.415096948164718	-0.249587229184197	0.502939247047713	-0.199469557437645	-0.175729545836279	0.529983660629329	-0.182199649254635	1	0.0495537746038647	-0.276556830256406	0.0223436348725823	0.36954256431288	0.359150806312336	-0.0922691276351344	0.650438096948625	0.216310036798362	-0.07138268346688	0.456298095627443	-0.00311288517677347	0.519128734351925	0.531680335161346	0.279593700706145	0.150804491834525	0.408388422967341	0.591282602598549	0.609376240558709	-0.372123069217012	-0.292315509484323	-0.291483332075205	-0.318356627474215	-0.220683806199602	-0.307366888993568	-0.177046070906756	-0.338510831236209	-0.248369847820309	-0.350740160973577	0.096912824437496	-0.220935231487757	0.12341877832785	0.126483387107059	-0.11589493129456	0.336782685102706	0.333428233596295	0.455623467269969	0.0636190369038058	-0.426011429466877	-0.0263544570477882	-0.0960335590104998	-0.0245180077539489	0.0519331361110813	-0.195488006577092	0.475773200003663	0.29138003210358
VB1	0.294650637590824	-0.0314647995734817	0.257181683429904	0.512184500575649	0.28185292181465	0.290489193315598	0.315111205711488	0.242659251726755	0.361761595031134	0.251531344033832	0.452054342534949	0.254597818052933	0.078853845656825	0.451454032731886	0.187065297947855	0.187345268337863	0.4131053824137	-0.00216483308882634	0.0495537746038647	1	0.0696257873360088	0.202998686263998	0.283156391692179	0.405585499099384	0.245339768654808	0.332094549092	0.37159389995142	-0.0572010636013356	0.188307898212808	0.111017724014976	0.145050670949219	0.053341651234862	0.074849615443007	0.442598330370768	-0.111186043002856	0.174422356307544	-0.00844161605390373	-0.163537703161704	0.219185883872881	0.11732477981785	0.0784875486069598	0.170324537734407	0.119607541144946	0.088766304990024	0.130089696210915	0.222601743030824	0.273815292642892	0.223011962279424	0.00529241839371823	0.241699048000992	-0.0577192787156561	-0.0384616084935252	0.262745088930604	0.294785648834931	0.198289362268379	-0.150459374970023	-0.126036371758795	-0.184883112139345	-0.172958404744564	-0.199358893773789	-0.205383090435669	-0.150530562317173	0.124028312928204	0.262318408560261
VB2	0.0851663605357326	0.730555953147313	0.636177234520867	0.0907308078891055	0.344398936586033	0.310095698698298	0.354658140266339	0.181800258640585	-0.148398433528986	0.612380723207368	0.116149002929769	0.379244549883671	0.811345411809149	0.304378128128031	0.276773975086361	0.655908718773414	-0.0141397664136775	0.532594147821786	-0.276556830256406	0.0696257873360088	1	0.3349893582522	0.254752285701275	0.0193277952429034	-0.0146305868392461	0.0432768092213567	0.00720616193687377	0.266912847227648	0.14326036016559	0.285842586901855	-0.045152311025987	-0.0610236868975392	-0.0658599793803875	0.0849134586282592	0.242137945312636	0.129387889571681	0.170771787675945	0.723382236929505	0.701263875901924	0.603601235747443	0.585079053320865	0.52649973064996	0.606596904712268	0.42735770977183	0.635043962441254	0.720595928587896	0.672177269495478	0.620449827342037	0.690630097558454	0.600054940894504	0.239537743712688	0.0273748874913735	0.269881001656407	0.264175737241725	0.135896990560713	0.0392372624685801	0.688609550642262	0.0773984330583587	0.240452583531796	0.140801573730389	0.266130287517489	0.697610004826719	-0.192006344010885	-0.285214188190209
NIAC	0.201821462588012	0.696240759549355	0.532459096949083	0.217981127728047	0.352104510609077	0.33068762628732	0.209565501209172	0.0886303785365153	-0.0172791451640259	0.129732668433917	0.319746600892774	0.290461912304613	0.605820145914486	0.498397129137663	0.553412250485466	0.320811170564537	0.313216493168592	0.818468747576102	0.0223436348725823	0.202998686263998	0.3349893582522	1	0.578547365688929	0.102426733559048	0.0918589794950215	0.0469917248019316	0.103464377492866	0.615176445926309	0.0713150901561221	0.0741287604725315	0.0109578058667077	0.106299533997902	-0.0303009758615219	0.108269398466131	-0.204469998421235	0.197123053547503	-0.0160784581426802	0.29552355023996	0.399662558366221	0.193997360946342	0.184460685617828	0.106280819838148	0.146689133282175	0.0707942711482602	0.313914682757974	0.462149602869356	0.396229329085454	0.501158173351673	0.524288139529667	0.468558942587731	0.684970494769472	0.202211976321977	0.462877218677726	0.416403884874838	0.407149440414845	0.522104798352067	0.293751156205409	0.529095474911181	0.532378258984021	0.511022643091957	0.501102994117424	0.435695546861998	-0.14591272593246	-0.259085057621844
VB6	-0.0161359996916241	0.355452201440436	0.242706731570503	0.0947764171254941	-0.121362833542401	-0.00180535098239733	-0.116192556598482	0.0922001612859035	0.340318743129619	0.067356031563604	0.452512446858452	0.417303898735011	0.343715261091294	0.627942393681934	0.0744708629591017	0.307677163574917	0.540259557392348	0.375967845183228	0.36954256431288	0.283156391692179	0.254752285701275	0.578547365688929	1	0.563737357968624	0.393116391147534	0.398488620857972	0.535143761765332	0.501325343789253	0.34155410270376	0.192081410953366	0.255703774829577	0.194276945813569	-0.0154975820143843	0.216781384106254	0.230651076268266	0.399663595673589	0.345807212517198	0.0727364775184426	0.0735282188142198	0.00139757922847123	-0.0476592709756637	0.0658338403912001	0.00351945416542207	0.0911227214511719	0.0567024845324585	0.111681645477358	0.0242960033334687	0.233451701376162	0.205588495494519	0.224495713375701	0.381576144596318	-0.0157225291430143	0.362630561880089	0.322977928976773	0.47487626134139	0.262794623601821	0.0153675767813181	0.242963846608796	0.247127556657695	0.260183848602494	0.357804335786996	0.269741218279769	0.342427262579096	0.467991866613253
FOLA	-0.0748047804292048	-0.174245089163579	0.131822268017837	0.522986131331852	0.0297728472502486	0.131232456119867	0.210336605647473	0.296731147631226	0.615897224909205	0.23276446989982	0.708832129879301	0.400183527188486	-0.0184466727147767	0.282053980580796	0.0965758253002183	0.206599126356085	0.588038955798956	0.0115989639804274	0.359150806312336	0.405585499099384	0.0193277952429034	0.102426733559048	0.563737357968624	1	0.75055244145446	0.649632654849356	0.970134511750554	0.100972863573315	0.548683931772972	0.382063198740057	0.344718955162231	0.329089601074098	-0.040691853202496	0.349031789117116	0.236390308324137	0.47956731164503	0.361643576525241	-0.220356617075837	0.0142737788841461	-0.0142641279717172	-0.0661994218673855	0.0659980509244834	-0.0346629500033288	0.136832323705519	-0.0253668488820963	0.0134491013236844	0.0190765881738172	0.058119186404953	-0.191231646959142	0.0876575031198958	-0.154005369624801	-0.167721429101952	0.354007315910555	0.370460136356655	0.440431395091455	-0.212649341255823	-0.240902911006541	-0.192079775118058	-0.210180657255186	-0.196355688505058	-0.167247190863794	-0.170816706247274	0.542225740999453	0.672526218655989
FA	0.132837022278575	-0.162717837948553	0.0631875062878725	0.487371485287857	0.288047196360521	0.312525712042698	0.310652655834958	0.359297379708361	0.115017733211103	0.175679944649537	0.470819937060143	-0.0446959092156489	-0.078365841440084	-0.195752581102637	0.0403436744402527	0.114675241272162	0.160702681371612	-0.0172368530954701	-0.0922691276351344	0.245339768654808	-0.0146305868392461	0.0918589794950215	0.393116391147534	0.75055244145446	1	-0.0147548084070921	0.888411518886557	0.109104216520476	0.0774005165353851	0.277523669926237	-0.120545081119557	-0.0919830035006215	-0.194377271096887	0.152647695399154	-0.133837465827052	0.0848121775269919	-0.128712213189864	-0.197630101668244	0.131681186225191	0.119844608439349	0.101263503380752	0.189258086491882	0.117850441170374	0.334156078172162	0.168296159652327	0.0848814570779489	0.161962418172964	-0.0710101922228644	-0.114059677383457	-0.0637340853716151	-0.16529780390286	-0.028874265744454	0.125971918380944	0.139445591660905	0.194508381506273	-0.143957299039117	-0.199464022826155	-0.156199335951064	-0.160734357084783	-0.181520615422574	-0.195450140443163	-0.273771640920183	0.403797503573156	0.676419543480137
FF	-0.265137597676563	-0.0798522463621214	0.125438357606336	0.230927988019323	-0.2846930670765	-0.160299742652667	-0.0399806404480721	0.0353509826956322	0.800023027496759	0.148475232949731	0.5305852159813	0.654699993714501	0.05853786903191	0.650666649919009	0.0972448245814847	0.178577167719374	0.704126742576842	0.0343779586611324	0.650438096948625	0.332094549092	0.0432768092213567	0.0469917248019316	0.398488620857972	0.649632654849356	-0.0147548084070921	1	0.445867687857896	0.0259220071576372	0.739620403613956	0.258159429034191	0.659000214155426	0.602547464909585	0.162582671746171	0.352386675418115	0.510513692043706	0.626945348760302	0.694011790818713	-0.108614490773399	-0.130793347426882	-0.159892283709074	-0.216962144625517	-0.117426126743175	-0.188195837335645	-0.176701968722028	-0.23266014133365	-0.0784551087765392	-0.158402413534181	0.168268263509473	-0.15989676121841	0.204648875328911	-0.0442310325658949	-0.222005674856427	0.389613674931839	0.399165893049846	0.442047129369821	-0.157859406370556	-0.137793390569228	-0.11279988499316	-0.135147355199568	-0.0901685185422415	-0.0297151693308275	0.0535423139241425	0.3567846522951	0.240672742424935
FDFE	-0.00369926389514257	-0.182271868059668	0.113963404685892	0.541983414333044	0.125608491704462	0.20508836065274	0.259845908888561	0.338526343291214	0.470550181477842	0.225563763993946	0.66509160585225	0.261249305983638	-0.0428113014647546	0.123224162508967	0.0802966018870828	0.184825894069978	0.467280212608321	0.00029984263146162	0.216310036798362	0.37159389995142	0.00720616193687377	0.103464377492866	0.535143761765332	0.970134511750554	0.888411518886557	0.445867687857896	1	0.109305153057168	0.409714555461724	0.367567935959683	0.195218100353585	0.194582412251185	-0.0996910405550499	0.297911005580584	0.116056457524426	0.363916181038261	0.204491829799195	-0.226703038130202	0.0574416850596121	0.0337340032481173	-0.00932816975874167	0.114940147659881	0.0188065202323537	0.217604216999071	0.043538211131246	0.0395629393008916	0.0719350115361224	0.0135164763696408	-0.175792209278152	0.0367354661920891	-0.167993156097438	-0.12677897687393	0.291858051918385	0.308243490223587	0.377215930564538	-0.200478071254003	-0.241548467641004	-0.190918780293651	-0.205310769042915	-0.203217235121282	-0.188205539349129	-0.220267047646777	0.525085310509038	0.71637407095148
VB12	-0.267595040972526	0.671725311535781	0.150018502501073	-0.151865404919104	-0.0644132917266516	-0.0952997280480744	-0.0133666427573516	-0.149571742166322	-0.216640870749232	0.046038506457101	0.186611748640095	0.165003233397437	0.522414452707781	0.251780280838031	0.442588676021341	0.189181133083208	0.172343257673981	0.748211226808154	-0.07138268346688	-0.0572010636013356	0.266912847227648	0.615176445926309	0.501325343789253	0.100972863573315	0.109104216520476	0.0259220071576372	0.109305153057168	1	0.0265668336483603	0.107127304182653	-0.0528962134018305	-0.0258562593072238	-0.225614935894653	-0.16600794917706	-0.10188666534442	0.0341709345864526	0.0342147711963394	0.383413695970471	0.0914894979777346	0.0424365266616645	0.0501776943174577	0.0722944781744167	0.053513009996486	0.0393637968283961	0.106477596554217	0.123225008161396	0.0520968512700619	0.0955749295056103	0.267024272771324	0.0648371325284289	0.466321121548386	0.13962343717385	0.179163950620344	0.110874410990818	0.222513905539555	0.411943469440001	0.35501188469726	0.549258957914791	0.566536697260711	0.582502495608815	0.574409279565771	0.555254220902537	-0.10592461379596	-0.0683519224396325
VARA	-0.223275808357518	-0.0344340418118941	0.151713606455074	0.223118594702897	-0.140270993573048	0.0580238829478464	0.0171604459129436	0.127202236168587	0.595453551138357	0.2951279856459	0.554040108994148	0.432246606709623	0.157888979633195	0.423697877752918	0.0856743712489215	0.36710583273852	0.386457356491164	0.0519608567142234	0.456298095627443	0.188307898212808	0.14326036016559	0.0713150901561221	0.34155410270376	0.548683931772972	0.0774005165353851	0.739620403613956	0.409714555461724	0.0265668336483603	1	0.514792161805178	0.766944574123167	0.714493975680851	-0.0521704469915689	0.458293499547707	0.395217884672109	0.532029271143098	0.579514203119208	-0.0517705831028377	0.0147142360862739	0.00428154745284329	-0.0751257244675232	-0.0304270886053742	-0.0429508835744626	-0.0272164064516748	-0.0323501286673642	0.0386003546807284	-0.00936318156031528	0.171358075489064	-0.0597842607201663	0.195161754248021	-0.080529494974791	-0.139941967122478	0.271246369266221	0.284965395364071	0.284825289025401	-0.173180088124956	-0.0775454835350972	-0.118433718739975	-0.103075666087275	-0.0894356486685244	-0.0479567874741446	0.0337380477952142	0.264687546964393	0.278492429053632
RET	-0.173066216952245	0.19844087271996	0.27866573142565	0.142979812913076	0.166292172145643	0.0408966282268804	0.249205137915125	0.0903367857448503	0.0450961436816693	0.50496529593701	0.573308760083224	0.0477981524668325	0.367443981550661	0.0750421337723794	-0.0007700258791714	0.581641812276527	-0.112163202190222	0.094338593556716	-0.00311288517677347	0.111017724014976	0.285842586901855	0.0741287604725315	0.192081410953366	0.382063198740057	0.277523669926237	0.258159429034191	0.367567935959683	0.107127304182653	0.514792161805178	1	-0.152180860925155	-0.132787462568995	-0.242897785317695	-0.0651429501309627	0.0890681260646096	-0.0346034369000322	0.0246132792600492	0.280795728494985	0.417857365773287	0.522021085316099	0.397946954928642	0.394041761023392	0.405230537862339	0.303016398898721	0.481691315082065	0.390053855777151	0.383292641572065	0.233247763095422	0.333262078172393	0.223467683966724	0.0108138191221195	-0.132080769695364	0.0313598755599234	0.0380289954874066	-0.0141760027297975	-0.122429577888895	0.227366069217905	-0.0943960839961955	0.019527946086805	-0.0384951609305894	0.0892764875536763	0.19400605656344	-0.170184963056278	0.142593236198555
BCAR	-0.133593108538353	-0.193241421209616	-0.0504646986435091	0.142365633860533	-0.296661522769459	0.0245132132644906	-0.174451021150074	0.0802145680919954	0.654934829363542	-0.0431500027838526	0.207744567915509	0.458874046446692	-0.0953929383292655	0.432148977726728	0.0739607210560844	-0.016317226285648	0.534687336522668	-0.0300694706961793	0.519128734351925	0.145050670949219	-0.045152311025987	0.0109578058667077	0.255703774829577	0.344718955162231	-0.120545081119557	0.659000214155426	0.195218100353585	-0.0528962134018305	0.766944574123167	-0.152180860925155	1	0.894187260022784	0.121679415600774	0.594527159544446	0.404709614958481	0.622268909891012	0.647447494411676	-0.269288832745997	-0.303894161676957	-0.384568873947216	-0.385036206711746	-0.327590138687692	-0.351300480978908	-0.258298193002687	-0.399811378021259	-0.257987292886415	-0.306370169131813	0.00606399126008859	-0.325937884095318	0.0407234415251107	-0.111477429789664	-0.0731216158352613	0.268304416537796	0.279180428606608	0.321835154241511	-0.117500745079753	-0.262988953420833	-0.0749276896206676	-0.140145959970949	-0.0813870404085221	-0.123274302213234	-0.106400213580479	0.418684236941054	0.229404428885726
ACAR	-0.0942979576414945	-0.143688089539688	0.0690709736623569	0.177871956791644	-0.203448883787062	0.094670333215867	-0.106742586613198	0.0651530485805759	0.576651993989329	0.00173460361332827	0.205795457951045	0.43297021900197	-0.0673602972699676	0.387683138448789	0.227059581248947	0.0182347371521686	0.439963576482283	0.0962686362132881	0.531680335161346	0.053341651234862	-0.0610236868975392	0.106299533997902	0.194276945813569	0.329089601074098	-0.0919830035006215	0.602547464909585	0.194582412251185	-0.0258562593072238	0.714493975680851	-0.132787462568995	0.894187260022784	1	0.0842041856352902	0.419488841414827	0.272521031472754	0.674520491886559	0.610096381957985	-0.242241794351572	-0.215284021663589	-0.345169153247097	-0.336482246515982	-0.304768916536549	-0.319893106635188	-0.223806568128609	-0.340585131151064	-0.158673280223222	-0.215315373080955	0.119141617944871	-0.243250220675099	0.151230100959635	-0.0325736536395154	-0.00279005872801647	0.383852855447868	0.393599481705099	0.406925936515069	-0.0511185102385281	-0.212350254715395	-0.0121108179903415	-0.0828447066303735	-0.0282607496202633	-0.0998685836667565	-0.0929528217629548	0.464562214849843	0.116658235048475
CRYP	0.128660633253916	-0.133074288995925	-0.0301803888783981	0.0405702050464433	-0.00804944598188644	0.00420267167878566	-0.0600684025892096	0.075480310981535	0.276516855353669	0.0210527464409036	-0.0614846939836488	0.254901180255853	-0.10432315661742	0.252462373453665	-0.204233471076797	-0.0984239745868654	0.18042685025521	-0.211615596152218	0.279593700706145	0.074849615443007	-0.0658599793803875	-0.0303009758615219	-0.0154975820143843	-0.040691853202496	-0.194377271096887	0.162582671746171	-0.0996910405550499	-0.225614935894653	-0.0521704469915689	-0.242897785317695	0.121679415600774	0.0842041856352902	1	0.144276190179533	0.00177456800408307	0.155226867893407	-0.0512908600964156	-0.121812393024535	-0.0900665279993421	-0.112038222727556	-0.106093675544433	-0.0873521390804105	-0.111794249743573	-0.104901315510019	-0.122015805591532	-0.0709195925625046	-0.0915090574097632	0.072360518061047	0.0470798558293609	0.074869286892682	-0.0140971759215478	0.0510626919614607	-0.0779161189702467	-0.0700049834865738	-0.099283554527353	0.0142207955875116	-0.094902274446903	-0.0463666107275065	-0.0512818704036989	-0.0384709796895646	-0.0427897723578655	-0.101332765347343	0.214690873472132	-0.0786158685593238
