Var	PC1	PC2	PC3	PC4	PC5	PC6	PC7	PC8	PC9	PC10	PC11	PC12	PC13	PC14	PC15	PC16	PC17	PC18	PC19	PC20	PC21	PC22	PC23	PC24	PC25	PC26	PC27	PC28	PC29	PC30	PC31
BMXBMI	0.0395076013089127	-0.171126091634189	0.0668009172797952	-0.0923741100617605	0.208674796021005	-0.122688221074123	0.045405096189469	0.0777910185419518	-0.523386581961795	0.224205426702275	0.0547511025289662	0.129806636913775	0.208235079029078	-0.292794015245815	-0.03228494986023	-0.0221758147084233	-0.245854160636177	0.286148746487942	0.0790885000084776	0.164005027761408	-0.252080277345139	-0.0887838439471244	0.386226432861037	0.0526958730612711	0.0689075414476424	-0.0605610927663432	-0.0459494165943612	0.0526523670490092	-0.0512196752005001	-2.35091707872941e-16	0
F_CITMLB	0.182040512434846	0.22212702627142	0.0537283054024492	-0.118562729489473	-0.174690671221071	-0.367447025582447	-0.0801043910789841	0.30479540403332	0.145473411105021	-0.11704126811597	-0.168979327416385	0.220647824005019	0.0615813185678235	-0.069180910176122	0.195643167933348	0.0750672239148726	-0.212685500905797	0.0175605960106893	-0.268828127372256	0.0778624961741378	0.0174183165054548	0.1987164555858	0.0372923793699231	-0.078681836249934	-0.0138051005120746	0.0337816425279728	-0.0046189336332764	-0.256460797583628	-0.482454744904763	-6.21791827603572e-17	1.37839066095709e-16
F_TOTAL	0.190438851497001	0.325457051992213	0.0899769660023677	-0.20808368437841	-0.338837878838168	-0.201996450973527	0.177228679977675	0.086047628978458	-0.0288518277127144	-0.0300746305377552	-0.0129724494090431	0.24568138233357	-0.0824324208540526	-0.0277799786184372	0.112372862736004	0.0122917849709364	-0.098041169835433	-0.0567588603281856	0.00106159059169868	0.013721483864237	-0.0308721561819221	0.0139897465718514	0.0574113600313839	-0.0380041491676483	0.00207990968121217	0.0291230096924958	-0.0829494287567525	0.368982321038789	0.605462485774743	1.01567317173227e-16	2.33456010685032e-16
F_JUICE	0.0214808584439213	0.140804246695899	0.023555878294176	-0.075485102632436	-0.346751234148419	0.0821988966412268	0.446566912353298	-0.163418109331347	-0.230293159993517	-0.0332123292791477	0.177721979485424	0.175520512716928	-0.294512297362757	0.0317851415171202	-0.143812870221349	0.122360204588338	0.0659998028492957	0.136837077484309	0.143065686401218	0.11941579142969	0.14317292584432	-0.372900032472143	-0.144147396141808	0.0556646971103112	0.0404427482907217	-0.0763349921309381	0.0514967676084881	-0.14052388431732	-0.330616143876489	-4.35295994738894e-17	-1.00192930552127e-16
V_DRKGR	0.159235720997319	0.261722098965664	-0.0430011822218183	0.129340913096873	0.0899883393239376	0.24501226036288	-0.0925299514497198	-0.0907054368753944	-0.0214924021402292	0.19705544140606	0.171880068600901	0.14775447123713	-0.178678736954987	-0.161408290258752	0.12220491308005	-0.350154609504561	-0.0342483963977007	-0.478344285931902	-0.0982894713470221	0.29208005590848	-0.316321537095957	-0.0316136136975635	-0.0276241364471394	0.0152820068754262	-0.0194431108106043	-0.0466375489896397	0.151515840715642	-0.0769750700529106	-0.0613394278973851	-0.205102980071216	-0.110376746745546
V_REDOR_TOTAL	0.284955586386337	0.0146825713078245	0.00787484132853121	0.28218828174733	0.123400070969191	0.217411682898126	0.295756755092331	0.0925887801078181	0.111807318105654	0.0456457119331743	0.0686301878491528	-0.0211826940526472	-0.0428218646973628	-0.0296289221984583	-0.0366455713048221	0.229615878997573	-0.0325810552124794	0.0174920048758903	-0.060209654312745	-0.250526057924765	-0.00221495515182827	0.100811768012781	0.174988081173128	-0.45069903415151	0.418660899571308	-0.0147651803582681	-0.148437423060913	0.103157856580802	-0.0763453643148229	-0.246182891913687	-0.13248401707478
V_REDOR_OTHER	0.263362322889265	0.15936200814499	-0.0405805771878278	0.128133973495094	0.119234853779037	0.171388753172196	0.228610237401586	-0.000659320290110135	-0.0338029629983082	0.289388394408527	-0.0752473139067584	0.0722683684761356	0.0780065773495818	0.0587269165738335	-0.213823691323808	0.328797994790558	0.0869301207550412	0.150063441485066	-0.26827046893696	-0.0673322990839262	-0.0561155424270402	0.272340075582065	-0.0364680406557972	0.371138898316837	-0.36340843735077	0.143590008047753	0.157869366367141	-0.136626355639021	0.113776816863374	5.17362192507466e-17	1.91252072233266e-17
V_STARCHY_TOTAL	0.0966662520730581	-0.139206503320602	-0.382138070769489	0.232550955440011	-0.17381954516363	-0.311887104984586	0.0464790501000596	-0.107851000907906	-0.0901254279639012	-0.142544257060541	-0.0890019828568576	-0.129028281683384	-0.0278414036132057	0.115624125220873	-0.155947174826588	-0.0774838267553275	-0.10840202368629	0.0154680851073496	0.210127973404793	0.188875260768026	0.0175496250607466	0.0481820300400901	0.147926389332006	-0.167735629263979	-0.192342877996567	0.263855256808173	0.0711048322887543	-0.268929354438155	0.168710924148029	-0.368888044666482	-0.198518140835761
V_STARCHY_OTHER	0.0424409404278199	0.0352377633448	-0.27592972012034	0.179606624157632	-0.198030959662659	-0.317332818929534	-0.0899387795985696	-0.180476870369238	-0.275724901628889	0.170119463778145	-0.159502773490193	-0.272573422712681	-0.125113768127314	0.183586964423922	0.0139223393139042	0.0481854612818661	0.00741597623832092	-0.0935038625694088	-0.252612928584545	-0.184410256686347	-0.211392672110589	0.0331749262828916	-0.102946785105784	0.227902301996041	0.227477641844806	-0.325703688584996	-0.126363354481121	0.215177153243236	-0.127934669358214	-1.32697950504693e-16	-7.12495184299361e-17
V_OTHER	0.3103306539282	0.16668419622585	-0.132837202481211	0.0811241391326533	0.230910986149113	0.0314660580750224	-0.181610156376413	0.0799989122298279	0.0702582220530126	-0.0555261962857291	-0.0660047155909106	0.0515148244141132	0.157551359767411	-0.00402999375492255	0.208852414527994	-0.0599672517535726	-0.0185006383696137	0.218607669031378	0.136057830968805	0.0434473288444043	0.42810896689178	-0.294900081708103	-0.0976201336451086	0.342846428053214	0.0410600032883605	-0.230485396022242	-0.0939652762791646	0.0853697388205561	0.0256596262713946	-0.32171535915053	-0.173132027183519
V_TOTAL	0.36208137662809	0.0905063857619883	-0.289568612008888	0.3158529291413	0.0896489824822546	-0.00175113297168563	0.0190695915553037	-0.0149784599755605	0.0189525621228224	-0.0285532452517751	-0.00291388267270804	-0.00901574084892628	-0.010291120172271	0.00145312553474494	0.0390588855538658	-0.0959726181692082	-0.0926603628184403	-0.0269966655809781	0.13112818380337	0.124411320463726	0.119695980113868	-0.0892881335007669	0.0920376627425383	-0.0902463910779931	0.0628051740708951	0.0151663695751598	-0.0143836301859758	-0.0944026212905406	0.059430258802496	0.65816164296973	0.354191542992103
PF_LEGUMES	0.0235141565608269	0.0133077899976467	0.14357910179166	0.106848325820628	-0.0800338662119921	0.169764736179633	0.00361710513142328	0.35276873415625	-0.248851191696523	-0.179763488143891	0.453321414550304	-0.203603324226072	-0.114091111950335	0.35851437218578	0.14198671683909	-0.129224042272914	-0.258300875166872	0.0663723445994321	0.133662291118211	0.00518923343276626	-0.00236967064141998	0.352084441635202	-0.0603432307797135	0.208559454909721	-0.0167693141718479	0.0143957308945231	-0.156829015442292	-0.0520553735004984	-0.00557810426855693	1.41760433902633e-16	6.05505585225818e-17
G_WHOLE	0.174085200918587	0.220896896131304	0.142943778190422	0.0193962453393194	-0.0972687790209682	0.0997343401911966	-0.00458804152635357	-0.193634909091354	-0.315909215091152	-0.0763489302367101	-0.211407796943128	-0.0483618000875455	0.235405925309961	0.0398667127337397	0.248845202736427	-0.308167662650605	0.418482611284902	0.111856317648816	0.162237740725726	-0.226504513145373	-0.0600252372526399	0.108036239439804	0.0181667886818658	-0.0989569239736237	-0.0691112640059075	0.352170677443513	-0.0443567455397496	0.107503552952754	-0.208859433738421	-1.77528744606419e-16	1.67045133823651e-17
G_TOTAL	0.24807169023632	-0.169009393753719	0.274090527426472	0.047706718071314	-0.0824643761164107	0.0843955084514832	-0.130322422539524	0.215794257381111	-0.130718605730985	-0.0782916484102376	-0.190284791560155	-0.113004402140043	0.0191513269049023	0.115551344760199	0.0305086858980379	0.0045317696482199	0.124628920366922	0.204045088135706	-0.214685775254598	0.123378012634424	-0.294456735164647	-0.304460172058266	-0.339964798253192	-0.188523990981392	0.115697439053944	-0.0937354484001931	0.0739440894653838	-0.336161330006065	0.280203140745583	5.88286595911792e-17	-2.81885196237858e-17
PF_MEAT	0.0966911384561502	-0.216140545865132	-0.110724802796556	0.0920385761656272	0.232546758486991	-0.321853748092112	0.0171950375457367	0.00171098500089838	-0.067346961458919	-0.249728109665077	0.312870196261943	0.25422636438859	-0.214904551465292	-0.285591178323151	0.168621914338605	0.0896873610252041	0.312629357390427	0.0620341691582843	0.0391827356100841	-0.135488993037441	-0.111912786577963	0.162144105403062	-0.277332045920049	0.0576990280723629	0.0278962579833885	0.0299885569198583	0.122614948901242	0.0283332248992224	0.0416953669259046	-0.158456219298746	0.294444652041734
PF_CUREDMEAT	0.0925374629708753	-0.280903444069856	-0.0797352585871023	-0.105286636831232	-0.238349172660983	0.226316460966211	0.137978657463583	-0.240208559166365	-0.0171126394642415	0.0609982709324696	-0.144764084206935	0.0894361629445958	0.396306493715278	-0.079543214336601	0.10972682718518	0.0280454580782347	-0.266712565121951	-0.0970280859847479	0.124173218990175	0.188239649734782	0.0862342604612692	0.323611851663914	-0.362983703191351	0.0193980845792053	0.209360117565023	-0.0803197862765711	0.068531761248124	0.0184309090034295	0.00270284095602186	-0.125480964827783	0.233169762538125
PF_ORGAN	0.021425928877518	-0.0564798451372577	-0.0303341054257448	0.0472564132100684	0.0280164024227673	0.139799632609209	-0.260142043619656	0.212943664776559	-0.20119900722039	-0.150144263731172	-0.307745008888375	0.484986051892835	-0.165763171643659	0.152376244271186	-0.551580548544159	-0.152280508164541	0.0322036595429033	-0.0841025634616559	0.0873570550962596	-0.0584823086366737	0.0731991145735682	0.145725062451428	-0.0343873037633461	0.0375557191368434	0.149572530281153	-0.0109270704772804	-0.00263897942396336	0.122117262746161	-0.0482586728796131	-0.0124685446338817	0.0231691523528554
PF_POULT	0.0223032496894813	0.0365634759083232	-0.0974775285563636	-0.310145344279335	0.333600188667296	-0.0840828777417064	0.13856592922848	0.0582590636649025	0.0850499061588868	0.312053007938326	-0.170806679705507	0.0632960858978127	-0.175872346570006	0.527690387194573	0.159663467753148	-0.0322701953714761	-0.0668571814464603	0.0442464258130638	0.24561551689806	-0.0117122060884126	-0.158623668505593	-0.054098578273414	-0.0444251171762661	-0.17210390178827	-0.084371610667645	-0.0285122544472779	0.0284224678426276	0.00930033891101665	-0.0678570907472232	-0.175915913380071	0.326888399414239
PF_SEAFD_HI	0.168139567933978	0.116617202581699	-0.0655400362864809	-0.0801639388376023	-0.260904413059984	-0.030403296749387	-0.138212974331457	0.218998668794309	0.330009059017562	0.073160114640813	0.1809918891039	-0.141611989773028	0.255767336671853	-0.0724082845210216	-0.304631734153617	0.103372400005709	0.248138593650089	0.00173721654226373	0.41511637812187	0.0317875254473607	-0.383135806049432	-0.0439444670922798	0.071331769913594	0.166924643300692	0.0921495791868617	-0.0554254461337964	-0.0689767202287354	0.0100418637246528	-0.102694354954132	-0.0772600068966434	0.143565181272781
PF_SEAFD_LOW	0.146709853141647	-0.0189916621851571	0.00117550942965526	-0.19762186850639	-0.210869820733029	0.12885950935817	-0.359818818785968	-0.0484805397903942	-0.0418832219434309	0.346631208024565	0.0373570268049254	-0.211906768410824	-0.403164773185442	-0.246032824413677	-0.0384944480197243	-0.0463417141462455	0.0966941417529178	0.234408841107723	-0.071925447907216	0.0650465730673495	0.315010500614126	0.193995245583036	0.122382876139276	-0.138066943401418	-0.00732195424093342	0.0110763918502542	-0.0884350810030679	-0.0825942874569268	0.0423856820454502	-0.14219462169922	0.264227217421462
PF_TOTAL	0.287334460225619	-0.171779640646996	-0.161403988479496	-0.442062216961106	0.0947862238518313	-0.0284555626959167	-0.045580838995644	-0.112053817941286	0.0195015206668275	0.0780680427931314	0.0748582255897383	0.0415377675810218	-0.135667559763571	0.0213783467171082	0.0503042889456513	0.0225456985597754	0.0834189161700021	-0.0129170225927157	0.175987373617626	-0.0895107344841183	-0.0476182447528225	0.192916003013721	-0.0936890466900979	0.0225666034115553	0.149490594813044	-0.0138972842455354	0.0018693174508258	-0.156786586884722	0.0225035575706533	0.32273695984718	-0.599712477451252
PF_EGGS	0.13890289192399	-0.263403074963196	-0.134746018394844	-0.0953492794369563	-0.239641325137311	0.216700290742732	-0.236408733681293	0.0193314947807848	-0.0710450996081722	-0.0427996920058021	0.0885257274242742	0.156429459859311	0.0139703182167442	0.120467043465423	0.236700421271602	0.210551199483955	-0.145972586078313	-0.22380685756326	-0.060052602812438	-0.419553903993244	-0.0226565135394093	-0.311966387889052	0.298362991920899	0.14139072509767	-0.0223125304981008	0.19369880686085	0.222762380936999	-0.0692077182570258	-0.00298714916052308	-0.0650769567097874	0.120926537053254
PF_SOY	0.0395653836095588	0.0493000005304757	0.193186136703972	0.041108341833246	0.0459133088752838	-0.0445269897087581	-0.269508934752569	-0.439098103263051	0.0511195009884426	-0.142046920770961	0.190301682687348	0.19213553536292	0.0676473505606743	0.399107114983125	0.0391369102233825	0.279095847509752	0.165144481140301	0.105129321066357	-0.11193729136713	0.4093526398981	-0.020547512492939	0.104244681971938	0.268230658827822	0.0106230529179448	0.210571846097877	0.0099848580131127	0.0035380616191612	0.0321641191952328	0.0136645663683928	-0.0134218125736147	0.0249405226913593
PF_NUTSDS	0.136121366918528	0.138458023600028	0.0303694825756288	-0.375148133184637	0.222559643740081	-0.0225476469714121	0.186833474600255	-0.184023617967733	-0.066938957002239	-0.345478364187412	-0.00731524685837789	-0.201838209776058	0.069565568272978	-0.0390094620902736	-0.242358232028828	-0.162587744158363	-0.0256435019485776	-0.216076374520237	-0.192522059335247	-0.135813471026442	0.0381293343652267	-0.012170860910789	0.161432655578369	0.171433212434732	0.172737035983837	-0.0302261958568866	-0.217287022095526	-0.340693769682838	0.110570804126318	-0.133612882418844	0.248280558795466
D_TOTAL	0.168832814456951	-0.0712478308002844	0.435691795604687	0.146085421642667	-0.0611912658179498	-0.157366190975407	0.0666807362683809	-0.146965758892554	0.0857339742217095	-0.0115979224290087	-0.0728417892779358	-0.0369748196066788	-0.0539961269789351	0.0125710589476981	-0.0325374559829155	-0.158916282798649	-0.0422008994241704	-0.0314274766315023	0.23019182153747	-0.226338353370268	0.0764111502404906	0.153378118810663	0.228962879097376	0.0114173124360379	-0.124349099729168	-0.496090652049778	0.445478238276378	-0.0888156653956927	0.0184691126442725	-6.65951616576794e-17	-5.93252738169295e-17
D_YOGURT	0.103606472045498	0.193879877950529	0.159362131277777	0.0522866467833575	0.0681353660500306	-0.10976182448924	-0.293233274473611	-0.362533159802799	0.0367928198020726	0.0537853792171382	0.226079613121118	0.0745013473229497	0.061505804569941	-0.0300335550049079	-0.245174503135986	0.0119596248528749	-0.458906609518647	0.140857063703125	0.0635001870544563	-0.311979203091467	-0.109550233455345	-0.113042431616172	-0.341561977735269	-0.174858034344713	-0.151591906369797	0.131794600146374	-0.135477268694108	0.000421654707031856	-0.0326981811272631	-5.50019464065304e-17	7.74445376838492e-17
D_CHEESE	0.126592431461124	-0.182061774104552	0.348730014077178	0.117340404802336	0.0593321011888266	-0.0951518606717692	0.0828437445029837	-0.0650403087482892	0.208558055707204	0.0221561322609824	-0.275547288630344	-0.151773557727896	-0.339045553929129	-0.0977803767400377	0.0316199446275799	0.00287586596680717	-0.186346417578746	-0.0279040673787233	0.131455601592344	0.117328129973698	-0.0776087660513109	-0.0739698457622917	-0.0112757532810369	0.391251026738047	0.239269538708131	0.459911831561026	-0.0338852966641954	0.128495633800245	-0.0750447114222696	-8.24395306707871e-17	-2.83615803520323e-17
OILS	0.327299981050976	-0.10406763306314	-0.0669232920676181	-0.235256456356469	0.0820366513939359	0.0838034245658587	0.000206866740564823	0.0342836619227148	-0.031638395210438	-0.319762792249088	0.0448664017733474	-0.308600959817096	-0.0285985081528276	0.00561218290926451	-0.16956156804538	0.0378879700534522	-0.0791493820610485	0.00363081963991016	-0.173557337220506	0.199632500959642	-0.028176971450499	-0.0534458166314741	-0.0341629824026681	-0.147091356763435	-0.261388851060397	-0.00888626723667619	0.289995010935773	0.52404195297955	-0.21431862689516	-1.12678645899228e-16	8.59839673742371e-18
SOLID_FATS	0.230766606828076	-0.40367645684371	0.153871526357549	0.0720433933259574	-0.0731012443276459	-0.0114060159800028	0.0794597788759214	-0.0619884614167308	0.0747295055602569	0.0340839771551305	-0.00562924250251796	0.163842001453747	-0.0109366466045221	0.0399145709316177	0.0211429980115706	-0.0265781667908007	0.11975511302153	-0.208383122296785	-0.0414556087124151	0.058274526819029	-0.00812360310409896	-0.055080897369517	0.0507824921955137	-0.0186874089465618	-0.443420365725826	-0.162186787809389	-0.633781622537952	0.0419064963697146	-0.0868217161317179	4.10121656208293e-17	-1.51947380406352e-16
ADD_SUGARS	0.0990475086818141	-0.224002955191907	0.0272112320141597	-0.00913364422765063	-0.0834423547846875	-0.232549300571042	0.13981236219147	0.072184520870727	0.15970736396153	0.305873388221844	0.324821096488002	0.0932450964521965	0.21496029695529	0.206846636442926	-0.175419566162652	-0.482408461307583	0.0967156171488784	0.0736349727240999	-0.32465259798156	-0.0408020402268483	0.196824714302546	-0.0988453279898547	-0.0247024231291635	0.0377072958070295	0.177661406472884	0.190558187011839	0.139096684318142	0.0866616949134089	-0.0228041019916547	-2.13090265722232e-17	4.48997495421988e-17
A_DRINKS	-0.0750889054797857	-0.0548614560941112	-0.243078084658637	0.00493360820157968	-0.12409047649731	0.254031365793764	0.0912921160543023	-0.164195369833779	0.329634199120134	-0.229079440782353	-0.0785115011480293	0.155466111356618	-0.15129345328856	-0.024693305340262	0.0851216191081137	-0.327355663049863	-0.117844966722863	0.521983554476105	-0.153887250756647	-0.0806275837934147	-0.337564576150324	0.0601848479051457	0.146121373526933	0.109242251934027	-0.0318333215336081	-0.124648150743336	-0.0572395506458726	0.0200816663402393	0.00389516424466085	-7.70978584346346e-18	6.65323299728116e-17
