	BMI	PROT	TFAT	CARB	ALC	CAFF	THEO	SUGR	FIBE	CALC	IRON	MAGN	PHOS	POTA	SODI	ZINC	COPP	SELE	VC	VB1	VB2	NIAC	VB6	FOLA	FA	FF	FDFE	VB12	VARA	RET	BCAR	ACAR	CRYP	LYCO	LZ	ATOC	VK	CHOLE	SFAT	S040	S060	S080	S100	S120	S140	S160	S180	MFAT	M161	M181	M201	M221	PFAT	P182	P183	P184	P204	P205	P225	P226	VITD	CHOLN	VITE_ADD	B12_ADD
BMI	1	-0.0448287947603851	0.40355824254309	0.451421313785551	0.593011237180619	0.534440605594406	0.372936399066831	0.520607847964303	-0.0288729748722873	0.254136067132365	-0.0312606457682129	-0.269415028444561	-0.00381886637027782	0.00175216937245302	-0.0104817272510093	0.0856043111667381	-0.0203148195669637	-0.0370105799611948	-0.220572029879125	0.413035347928956	0.106151780350373	0.2961382045502	-0.0290041496319452	-0.107112497177466	0.206542515283731	-0.392909796619371	-0.00540518924862333	-0.386393123227618	-0.427615403365094	-0.284207931765607	-0.22384999552381	-0.156052010780752	0.260113637791301	0.440841048548839	-0.429629098948313	0.163703717196117	-0.407141313687927	-0.108221778957477	0.392959256738213	0.254058867611674	0.271450649792956	0.205160158270933	0.280788795904048	0.222609462310497	0.315211867605191	0.388711492021157	0.458839187557128	0.446361003936569	0.190102268753652	0.462359380682886	-0.0218864423045978	-0.143244523869555	0.209318192761255	0.270124551508747	0.0508602004609982	-0.17593180217338	-0.103849902476751	-0.35477522613367	-0.289975474342554	-0.376170733588637	-0.272821082328052	-0.209661904983188	0.047032108439258	-0.130425330829065
PROT	-0.0448287947603851	1	0.499754741528571	-0.272404092734196	0.322440879196214	0.0801600929432679	0.237462491662486	-0.182264031415932	-0.770835602779978	0.214212505450484	-0.295473579150649	-0.291213530928677	0.901304112670177	-0.00294565965499564	0.516259166341946	0.652441654792602	-0.449952304350234	0.854546572728852	-0.65535261613344	-0.25590697521773	0.79455148718514	0.695792373626531	0.143166365146667	-0.510863395785927	-0.305262809198996	-0.46886656335142	-0.469050030257167	0.760022374601809	-0.29760260133825	0.25436079092799	-0.505938259715341	-0.374163638000426	-0.476912267207923	-0.345000259243629	-0.312846677427667	-0.311147050946112	-0.316509038172364	0.951178352262604	0.514912796051632	0.417670524682357	0.423134185585719	0.31811535696217	0.409851186254249	0.190068298025946	0.476457553498285	0.565196661108797	0.490084227957415	0.484881667396412	0.760087680980112	0.435820496821756	0.7390738844614	0.265241556848564	0.204801968284989	0.126835465443282	0.0533891250508911	0.542463382416797	0.95183119912852	0.599094715931921	0.761011398027739	0.671253327576908	0.713466855600073	0.942525525084419	-0.627923298643595	-0.731821343045648
TFAT	0.40355824254309	0.499754741528571	1	0.473555335371363	0.725118618011675	0.631664274098419	0.819061041916677	0.591239138429746	-0.145373410876878	0.804000893907606	0.0917418367302938	0.044857649066599	0.741476821533594	0.286249799164714	0.237903688212004	0.70396094763836	-0.171357847856175	0.421163763297534	-0.379163036945491	0.316445921051038	0.73004834414037	0.575312497717274	0.0842155382700773	0.0263822467876697	0.1969297275898	-0.176040838896951	0.0855679725365727	0.0790615102792803	0.0335211708843547	0.531326798025049	-0.390313159823446	-0.22292949012206	-0.138974894908754	0.253567197829715	-0.296679553825949	0.269716752930609	-0.230015260523711	0.538527850978769	0.945264332245829	0.859522349368555	0.845572922948052	0.774155762215454	0.817660775175002	0.711919921959806	0.871104360762362	0.967585049044116	0.937017103277479	0.983906756469045	0.808208126581721	0.980911977383175	0.460694105735562	-0.269342976459783	0.699705427238566	0.723497491952277	0.411697449235325	-0.0476696191292463	0.521333487685476	-0.113712421976589	0.105920999989821	-0.0437355809000481	0.210706749179601	0.382693631714492	-0.18411187826726	-0.33778412492578
CARB	0.451421313785551	-0.272404092734196	0.473555335371363	1	0.699221818554378	0.769264990392095	0.764505624800999	0.875551082822118	0.412284281819945	0.519263174002259	0.773297042829424	0.231418069055126	0.00894116508587303	0.0804065370311161	0.192766868778396	0.158800061343717	0.209691234361878	-0.0205358755417165	-0.0343184452197939	0.64493915830631	-0.0206573912137172	0.275175023450018	-0.0183902493418468	0.630786459938289	0.841674018292066	0.0661136738592592	0.737106617514402	-0.307905151516616	0.220683257353714	0.18619467217455	0.0611181066295773	0.17853778109716	-0.0671910009417495	0.608336958259226	-0.376688025132592	0.356204046985815	-0.23478947795479	-0.35002420326058	0.442984149336324	0.309006588827942	0.307294670069493	0.31004117817138	0.280823581479309	0.438567276081936	0.361397524971018	0.416954375599527	0.531592240507879	0.411239962710046	-0.0154776223812811	0.448194709509144	-0.178071047745728	-0.23580026752125	0.460706223963898	0.547899888409533	0.27414944378323	-0.413201950990817	-0.346683033135391	-0.448641021410521	-0.461175094722703	-0.512066360816058	-0.488124817027174	-0.460036336896383	0.235144439839405	0.236221083700509
ALC	0.593011237180619	0.322440879196214	0.725118618011675	0.699221818554378	1	0.8577711974063	0.776342457874819	0.693685449327723	-0.279273493583416	0.63816249030548	0.400400164193608	-0.278799656261781	0.456267021492386	-0.0913204859686185	0.419988842227098	0.51662525120905	-0.298366643685702	0.389900617870784	-0.527797165705443	0.410358495521992	0.410884908577433	0.65863817196627	-0.171964312901282	-0.0189829246188317	0.443815367875627	-0.515917377425966	0.138580993421705	0.0452520383482811	-0.283012517688583	0.292307493898672	-0.531292878507208	-0.333591378360858	-0.09331328633642	0.247044800883655	-0.678130681874939	-0.0848180395197847	-0.624446921004818	0.239142196039464	0.766956839351357	0.581828598699052	0.579294955535377	0.506371242166325	0.545770517298098	0.522868560711708	0.691412576224573	0.764815344691777	0.842284013769645	0.690541454468945	0.555992540137316	0.682010044064302	0.237860366780309	0.0466693924381429	0.360686131297848	0.40729670791991	0.0571785701283114	-0.0537391996193576	0.251139479663193	-0.112341552557459	-0.013220495013545	-0.138191792404002	-0.0854860805964417	0.0729875917522946	-0.328010499214043	-0.375853336951102
CAFF	0.534440605594406	0.0801600929432679	0.631664274098419	0.769264990392095	0.8577711974063	1	0.71894224149403	0.737940107770141	-0.0719200300208932	0.596980975404637	0.452430021680126	-0.158721245947884	0.247550135850832	-0.109290960393165	0.297007313171218	0.444614352579786	-0.220091734553319	0.155909677362354	-0.423504587868276	0.418181304661363	0.325423074221959	0.445776632911782	-0.130393343031069	0.17000266412797	0.565817221448363	-0.352581290704349	0.314762360511137	-0.199903188617187	-0.0924108229138705	0.22438705724014	-0.290911582111369	-0.0893568040695183	-0.150060727989624	0.484866740005639	-0.600450638583761	0.0473964911289956	-0.485291969881576	0.0204625158814896	0.66736139536658	0.521063102536873	0.517947207228537	0.457665270380984	0.490774153523198	0.508446344932535	0.60693252000356	0.649008191074924	0.742186278618234	0.587582787266207	0.409338100435895	0.586685004565581	0.0575703412687792	0.00530294996668539	0.342125369656648	0.40416689016743	0.118975175860767	-0.225731112325293	0.0364011273008223	-0.29421971415201	-0.227218178115498	-0.335711468663035	-0.293079077599061	-0.153586194061224	-0.0497864137831647	-0.0752434221481725
THEO	0.372936399066831	0.237462491662486	0.819061041916677	0.764505624800999	0.776342457874819	0.71894224149403	1	0.709516555265723	-0.0160204008145051	0.747997861512778	0.397197051452765	0.239513661261784	0.516678333925658	0.0697400497079643	0.391198852955869	0.480402751785728	-0.0040272792329976	0.339292087820216	-0.453397094228459	0.486088796214088	0.463198383711411	0.465259022508106	-0.175101658313269	0.23052530084843	0.48776516136402	-0.174720351337027	0.330755370481348	-0.0594123753521399	-0.0143062263815141	0.405319527932826	-0.339797917228746	-0.198517650645689	-0.2435008251209	0.371022605537933	-0.466061132914674	0.182741987076897	-0.421015449353137	0.212207846302981	0.822587610104656	0.730087323323596	0.743945664311982	0.70134526273841	0.706602474484691	0.716883847124947	0.765649436259742	0.811612387336372	0.855695467529925	0.753310623782405	0.468491024209077	0.766898729171425	0.232677137449321	-0.133982776801289	0.564747393051302	0.621901771878835	0.217325248805183	-0.130320045646217	0.235403351014052	-0.165337415518425	-0.0590393075018362	-0.178800682449274	-0.0985619920686035	0.0390902406378357	-0.1801898417676	-0.281047003548614
SUGR	0.520607847964303	-0.182264031415932	0.591239138429746	0.875551082822118	0.693685449327723	0.737940107770141	0.709516555265723	1	0.346677004128786	0.695244941635595	0.587393480877696	0.161524568293446	0.138795288234558	0.0557950349444016	-0.116271295055529	0.351916268639024	0.0366028760200659	-0.102773789482872	0.0157674131493231	0.468336770427662	0.238141781927424	0.215761806037941	0.107404480909463	0.498384660671654	0.769548671980186	-0.0631101275783991	0.61888296553914	-0.385464371895601	0.271861213447146	0.36118200530802	-0.00683530812468539	0.0352287659795061	0.00677743420671533	0.523782816863339	-0.156092649153446	0.283441694231536	-0.132064644708114	-0.202448595687254	0.6093733927148	0.530379485884236	0.514381625313328	0.537715936074156	0.506324228450936	0.687915546489292	0.574234913697649	0.571326206328995	0.659027737880393	0.559108600286296	0.197989324205814	0.58928330572498	-0.144770652042602	-0.398089337805085	0.391550176083393	0.483624091525557	0.197686135103782	-0.463011769481765	-0.241811351002046	-0.566506035244267	-0.482861693546665	-0.578885882753402	-0.380795018213599	-0.336318205318126	0.142839278396879	0.282209225828036
FIBE	-0.0288729748722873	-0.770835602779978	-0.145373410876878	0.412284281819945	-0.279273493583416	-0.0719200300208932	-0.0160204008145051	0.346677004128786	1	-0.0209028727148045	0.415331276817572	0.642677619192263	-0.529629970633175	0.480823843736754	-0.422748901670775	-0.446995515013105	0.690575257114439	-0.57248479087967	0.806646860714626	0.377376055569756	-0.491662150738543	-0.429234593746288	0.34228811053435	0.859348020374868	0.472819462327247	0.829012189026061	0.773105124432881	-0.475131541374239	0.710936740425371	-0.0845932272381907	0.783871349961507	0.690649211522637	0.319198341201312	0.511285634698625	0.507609996383216	0.770507294170319	0.649504152227294	-0.711765257720126	-0.303265933603674	-0.244463690685231	-0.260431003034113	-0.151117574092931	-0.261004067178603	-0.0342703149206666	-0.338213655556637	-0.317218468593017	-0.300461493654967	-0.136381147999682	-0.565539075398526	-0.0747753850472629	-0.501169330622563	-0.552907926262569	0.300249422509189	0.358833167069321	0.449319637508084	-0.558042286528712	-0.754610605086773	-0.554882033924928	-0.64215924373562	-0.56223571668953	-0.465364374173587	-0.650788517413446	0.824214420338679	0.839008745870414
CALC	0.254136067132365	0.214212505450484	0.804000893907606	0.519263174002259	0.63816249030548	0.596980975404637	0.747997861512778	0.695244941635595	-0.0209028727148045	1	0.181697466720493	0.0707369918334268	0.537037345418394	0.145932823902255	-0.118656425755636	0.694385058531458	-0.413284519054952	0.0100322320391342	-0.284062969396432	0.375354844089218	0.610767417067568	0.143976307515925	-0.133933526753936	0.0707662613739701	0.270195689392968	-0.185908308301046	0.143158039784125	-0.207971477494754	0.129078588942042	0.686808170617196	-0.394456302852604	-0.336169545801375	-0.00482191382011744	0.250182396641058	-0.231675997754187	0.121722973424811	-0.279784752013975	0.271202939701572	0.88610411779853	0.908957034725127	0.890788465419746	0.913999183977994	0.874805959107966	0.881475446442586	0.904516855318306	0.85640754362353	0.863140782904671	0.808740028888067	0.65864030134826	0.816723486218282	0.0606470926806536	-0.364328489380777	0.310811926441324	0.37944827791083	0.0335923115210271	-0.371067569704907	0.221102910150732	-0.40492227909723	-0.188257799716153	-0.34907307848686	-0.0723811722138816	0.0634542544672097	-0.119196966527124	-0.117974907630108
IRON	-0.0312606457682129	-0.295473579150649	0.0917418367302938	0.773297042829424	0.400400164193608	0.452430021680126	0.397197051452765	0.587393480877696	0.415331276817572	0.181697466720493	1	0.13302536493875	-0.132753598574292	-0.0190419334297081	0.255802166129967	0.0845248444214465	0.19594123959593	0.0221617740465036	0.192076517353788	0.405687034251604	-0.278568043664224	0.213884248430682	0.105932121597328	0.738901818099493	0.851433502700332	0.223763949230447	0.817658513562887	-0.0293707075398913	0.441293928009544	0.278407023420599	0.205069726997689	0.365856591938465	-0.301836700194045	0.25016985003117	-0.197845324375994	0.192110259632883	-0.00240369503923277	-0.391748664609937	0.0510041931955676	-0.0912650368541863	-0.117548135122484	-0.0849654106470666	-0.119124680778567	0.0853312158330575	-0.0234574614412687	0.0371611209681625	0.145071065726253	-0.0165801950851257	-0.295927695029297	0.0109635223165383	-0.2227022273964	-0.078911638329553	0.32249871756784	0.366860373343252	0.302614363518337	-0.263780776616384	-0.390956639590245	-0.224300975959794	-0.330207457593592	-0.302312264123211	-0.405660112888125	-0.395387082948075	0.275379189558923	0.408548938475849
MAGN	-0.269415028444561	-0.291213530928677	0.044857649066599	0.231418069055126	-0.278799656261781	-0.158721245947884	0.239513661261784	0.161524568293446	0.642677619192263	0.0707369918334268	0.13302536493875	1	-0.0190693884257361	0.342729493762596	-0.0827072845447162	-0.278238361423579	0.66775563758188	-0.0704604171552186	0.314870885135669	0.0520943607741637	-0.0186554227577034	-0.272446941660564	0.19994020791189	0.614597472697063	0.292705101722521	0.640143947183373	0.536407614868785	-0.0631810923749186	0.590235011577044	-0.054112926742489	0.643700359004167	0.538161817642035	-0.00764557356177736	0.31821618682014	0.499480200255203	0.603172008887934	0.530454396410533	-0.191706131849588	-0.0562629532698378	0.059591513090376	0.0949902792027556	0.176260485543762	0.0673516451451682	0.246642025330209	-0.0493752124032021	-0.0695451364682397	-0.108268587267555	0.0270448296710038	-0.276757548009357	0.0733368371072087	-0.232025047893433	-0.402412332380578	0.291303498251099	0.322636624163918	0.271865331288755	-0.324517295963148	-0.208838497804108	-0.204396091581435	-0.240915284995556	-0.189787557997974	-0.161501553167657	-0.168077963565019	0.384785991688064	0.362456836142677
PHOS	-0.00381886637027782	0.901304112670177	0.741476821533594	0.00894116508587303	0.456267021492386	0.247550135850832	0.516678333925658	0.138795288234558	-0.529629970633175	0.537037345418394	-0.132753598574292	-0.0190693884257361	1	0.113315675314328	0.38194137494507	0.792121609014441	-0.370922060082977	0.769589977228542	-0.58437503930005	-0.0978397332867478	0.906772423010391	0.629460518754898	0.151508765586362	-0.263853054154094	-0.0981272269657205	-0.309359762826999	-0.222400276722085	0.597795621165752	-0.030245293950211	0.486637383375197	-0.40945958864964	-0.307529465598415	-0.417287020335879	-0.114451132590809	-0.241541333680621	-0.0844502796353666	-0.254020409799418	0.90225544881815	0.754245976818417	0.692955472963433	0.693138144943851	0.609909619965175	0.674772032436455	0.511549432605484	0.717494124262989	0.785984692376352	0.718365576457898	0.722321840262207	0.827480704224562	0.693979515842156	0.606191649935686	-0.0557655114944584	0.383347176593662	0.346717458392931	0.156803280078058	0.234828719174628	0.874377147316701	0.307607189358349	0.522780518841295	0.40188300554187	0.552469860436045	0.832960043679159	-0.52950349658313	-0.590969455173621
POTA	0.00175216937245302	-0.00294565965499564	0.286249799164714	0.0804065370311161	-0.0913204859686185	-0.109290960393165	0.0697400497079643	0.0557950349444016	0.480823843736754	0.145932823902255	-0.0190419334297081	0.342729493762596	0.113315675314328	1	-0.0852440227020186	-0.121824989446956	0.429571604796385	-0.00710300514944137	0.498980906583647	0.528410102764156	0.0905731187800962	0.12587657845871	0.629348310561714	0.401315474682866	-0.0333972634876345	0.667231969688928	0.272486200004835	0.105752455902889	0.342129111540632	-0.0233746111280565	0.357590886206783	0.353508449666549	0.290275447087276	0.228735126032717	0.327465624310661	0.6881252696918	0.504982112975989	0.0337914692566458	0.0478385775347202	0.0176878685038073	-0.0112577322826488	0.0946235813312907	-0.0186756168564336	0.0149298963534473	-0.0589703381721314	0.101152880572992	0.018825731976153	0.35156730063844	0.126472761255751	0.373355786513219	0.217464755321911	-0.378908795465406	0.569674015526262	0.553679744081555	0.634601234210449	-0.0722284198094374	-0.017097890530145	-0.0593821940700411	-0.00573077813895633	0.0191264348990009	0.244309618502013	0.127542323006795	0.527820849632665	0.291944643098452
SODI	-0.0104817272510093	0.516259166341946	0.237903688212004	0.192766868778396	0.419988842227098	0.297007313171218	0.391198852955869	-0.116271295055529	-0.422748901670775	-0.118656425755636	0.255802166129967	-0.0827072845447162	0.38194137494507	-0.0852440227020186	1	0.0989209694758374	0.0578517678267769	0.786679985302208	-0.554453348822921	0.0649953349743524	0.14876970727074	0.736782002713647	-0.0731105291881982	-0.0440858844642328	0.177490086846604	-0.265359440041004	0.0280346388616567	0.644769023662535	-0.330089197780009	-0.133784258194508	-0.271969165594538	0.0106526857441185	-0.57115556646068	-0.0850357264176447	-0.598533276243142	-0.121532399576155	-0.371250168211866	0.367470148444554	0.160664330210444	-0.0405158056485779	-0.00413019846757292	-0.118472601707981	-0.0557774636178607	-0.169422140298772	0.054941854745394	0.21439113223786	0.223428082995267	0.139039838712761	0.194848390327264	0.111787268956237	0.5337471722307	0.619806309811749	0.366571510862207	0.307809068337296	0.235631046212574	0.577328553997966	0.46018252115979	0.649313893311796	0.57375271829822	0.576716026189577	0.285443254460439	0.384207597416075	-0.298308850511157	-0.546747597670263
ZINC	0.0856043111667381	0.652441654792602	0.70396094763836	0.158800061343717	0.51662525120905	0.444614352579786	0.480402751785728	0.351916268639024	-0.446995515013105	0.694385058531458	0.0845248444214465	-0.278238361423579	0.792121609014441	-0.121824989446956	0.0989209694758374	1	-0.661617243755012	0.419892544503226	-0.51086175447461	-0.048681398073275	0.766965063510066	0.401037526202182	0.00772829963071161	-0.204070777834055	0.0569839034035245	-0.385262192406949	-0.125703694953216	0.217702326399232	0.0914363921095038	0.729665754068013	-0.478403741580927	-0.322171626546273	-0.439840177785853	-0.0499441500086051	-0.324780886755779	-0.14929705776652	-0.33463151236825	0.671891337480991	0.793525248819147	0.746526588889162	0.716235552954263	0.633408689301968	0.73886018416863	0.580559151679497	0.784371990874682	0.793865912040679	0.779200625937669	0.670497997196627	0.742160839850536	0.650740791303602	0.295679861985981	-0.204235670270892	0.261507547911267	0.266351576405656	0.0778103588990069	-0.0740883570083402	0.624884365921557	-0.0610587799404193	0.1704410851443	0.0220010032014439	0.214818343035668	0.534755648036913	-0.376171056967971	-0.34143523159492
COPP	-0.0203148195669637	-0.449952304350234	-0.171357847856175	0.209691234361878	-0.298366643685702	-0.220091734553319	-0.0040272792329976	0.0366028760200659	0.690575257114439	-0.413284519054952	0.19594123959593	0.66775563758188	-0.370922060082977	0.429571604796385	0.0578517678267769	-0.661617243755012	1	-0.079221988882225	0.570790648442143	0.210384744178061	-0.430485150503431	-0.0519169627661284	0.358931072765027	0.625968862822797	0.262520000419898	0.693291972603519	0.534469726613256	-0.0870471673093393	0.361779540223466	-0.40552400742177	0.675732905615608	0.587315030619545	0.175858264025715	0.337217787912315	0.424274747116943	0.595815006459457	0.546550656268143	-0.430768048405446	-0.394099189132172	-0.409385950193556	-0.394003500368163	-0.354340936897963	-0.409480273262691	-0.253492460190425	-0.4755291450327	-0.372158156168079	-0.381128557499837	-0.196155866686292	-0.537924257866544	-0.155861468609027	-0.0751668696749795	-0.209180156280583	0.419864796086797	0.422325992974805	0.514484623475992	-0.0425733170914819	-0.405347982724228	-0.0548480726108586	-0.205460803319985	-0.0851478490418383	-0.137443695516601	-0.299979513466046	0.471810752109474	0.428041872755555
SELE	-0.0370105799611948	0.854546572728852	0.421163763297534	-0.0205358755417165	0.389900617870784	0.155909677362354	0.339292087820216	-0.102773789482872	-0.57248479087967	0.0100322320391342	0.0221617740465036	-0.0704604171552186	0.769589977228542	-0.00710300514944137	0.786679985302208	0.419892544503226	-0.079221988882225	1	-0.589203049651822	-0.193132431533075	0.555919171701541	0.845974513720888	0.191946511341127	-0.2090516006645	-0.0221938403010644	-0.306390391860005	-0.15780306395537	0.854228772421494	-0.199469415385887	0.0640406253242471	-0.276096978316664	-0.0818332685179763	-0.549795843659732	-0.25241514257855	-0.337338492660796	-0.155712648916011	-0.253031624485069	0.77111937566995	0.361147902796912	0.184246811298047	0.202868738385851	0.084359196568627	0.171678501496516	0.0338151992581593	0.264999732758687	0.421300463929638	0.381295619841591	0.362710105599737	0.49497973711037	0.327895957061589	0.687482223780022	0.302004379450896	0.370143040094101	0.295977355279038	0.216250355740679	0.546314745494066	0.802045474322198	0.652404873646197	0.707996714694622	0.676586852695313	0.584383863627937	0.803606274871145	-0.527027291022509	-0.651652480906826
VC	-0.220572029879125	-0.65535261613344	-0.379163036945491	-0.0343184452197939	-0.527797165705443	-0.423504587868276	-0.453397094228459	0.0157674131493231	0.806646860714626	-0.284062969396432	0.192076517353788	0.314870885135669	-0.58437503930005	0.498980906583647	-0.554453348822921	-0.51086175447461	0.570790648442143	-0.589203049651822	1	0.15077199591323	-0.541384382882495	-0.45612801618211	0.482220411926019	0.594962921741867	0.141654396591201	0.778164919139062	0.47220152697699	-0.303995796478173	0.618380898723403	-0.0585551114078386	0.680274922773011	0.536190959834445	0.41012087235443	0.13384542889441	0.715500983388839	0.508498872869833	0.800573346070007	-0.578904889287284	-0.53741926235111	-0.459913009855908	-0.504883275053904	-0.371284192526109	-0.473695522897863	-0.28034900885782	-0.55074256522209	-0.533032173941818	-0.558901645399974	-0.349402200560053	-0.551675637077109	-0.3123419766444	-0.358344717493592	-0.419825940189595	0.124856475574723	0.135447501721999	0.401279648220749	-0.301405836699522	-0.635352189279549	-0.347580512566848	-0.438843875011786	-0.326778063227592	-0.203668698809862	-0.437347456293618	0.699428302061018	0.830244199140447
VB1	0.413035347928956	-0.25590697521773	0.316445921051038	0.64493915830631	0.410358495521992	0.418181304661363	0.486088796214088	0.468336770427662	0.377376055569756	0.375354844089218	0.405687034251604	0.0520943607741637	-0.0978397332867478	0.528410102764156	0.0649953349743524	-0.048681398073275	0.210384744178061	-0.193132431533075	0.15077199591323	1	-0.126497245589831	0.106434990534313	0.0553195339713183	0.396867369784089	0.343613510700839	0.248651954146617	0.399649138358786	-0.33590466929462	-0.0220300780456194	0.0127860563082575	-0.0376816897128842	-0.00624683650409286	0.220396733666924	0.535011724657025	-0.369000882123776	0.347607433008776	-0.225624299756634	-0.336595946577621	0.243022029929524	0.141859239091404	0.127964158497277	0.214772119066454	0.146015734564564	0.201071625225618	0.144776887542675	0.235236912831225	0.308704218854161	0.319955928652647	-0.0472456353099625	0.354657500784295	-0.118704315940174	-0.223644920869059	0.379938135984287	0.444358266918784	0.277080009789011	-0.325876504544661	-0.338833221901358	-0.39470943322909	-0.408522598965195	-0.431414657372413	-0.371959273330101	-0.383442196824302	0.371063898429766	0.213067068153314
VB2	0.106151780350373	0.79455148718514	0.73004834414037	-0.0206573912137172	0.410884908577433	0.325423074221959	0.463198383711411	0.238141781927424	-0.491662150738543	0.610767417067568	-0.278568043664224	-0.0186554227577034	0.906772423010391	0.0905731187800962	0.14876970727074	0.766965063510066	-0.430485150503431	0.555919171701541	-0.541384382882495	-0.126497245589831	1	0.467164103085945	0.204897134989635	-0.306164313408879	-0.085742777179233	-0.388525588719946	-0.247830770591326	0.373463793154064	-0.0558439924817058	0.420526338534795	-0.376206005351246	-0.330295240153432	-0.344612834147955	-0.0273422857524206	-0.123282928034625	-0.10944494031069	-0.192653193055751	0.823422568070334	0.786543698575082	0.775933243762949	0.780323558355762	0.739668835393365	0.775146009473629	0.669283068866154	0.793735331612498	0.797123207620423	0.731096705499734	0.73590172431318	0.862291782659228	0.706640176154366	0.518272789417643	-0.0774651847638579	0.257144729985395	0.237092450743313	0.0468416595410194	0.149667048839634	0.782379756117545	0.150732694025125	0.389424090110164	0.247955538863431	0.473746362444852	0.728616910424802	-0.441099173120912	-0.436773752938889
NIAC	0.2961382045502	0.695792373626531	0.575312497717274	0.275175023450018	0.65863817196627	0.445776632911782	0.465259022508106	0.215761806037941	-0.429234593746288	0.143976307515925	0.213884248430682	-0.272446941660564	0.629460518754898	0.12587657845871	0.736782002713647	0.401037526202182	-0.0519169627661284	0.845974513720888	-0.45612801618211	0.106434990534313	0.467164103085945	1	0.29793749522136	-0.0622721872519719	0.210224204536868	-0.329524623238769	0.0266994206381669	0.637638725080203	-0.247837403977509	0.061510915077256	-0.3287512555248	-0.0961690760824154	-0.385495579617156	-0.0449459193757454	-0.461290363024661	-0.0274288449841466	-0.304195242420395	0.555534062683756	0.465942987624688	0.207115233719323	0.202934807786158	0.0795597398105889	0.153214422086858	0.0587228337383073	0.326110942845312	0.533133567185719	0.528808239058325	0.529048438294484	0.548819164286164	0.496511004918961	0.758493557319912	0.302389569739356	0.547149442123588	0.490580120259636	0.388488263430469	0.538250501243827	0.586131908805054	0.524820151681152	0.587052075624996	0.529900375429463	0.52407706278741	0.576563604797872	-0.365034708552112	-0.511767836567094
VB6	-0.0290041496319452	0.143166365146667	0.0842155382700773	-0.0183902493418468	-0.171964312901282	-0.130393343031069	-0.175101658313269	0.107404480909463	0.34228811053435	-0.133933526753936	0.105932121597328	0.19994020791189	0.151508765586362	0.629348310561714	-0.0731105291881982	0.00772829963071161	0.358931072765027	0.191946511341127	0.482220411926019	0.0553195339713183	0.204897134989635	0.29793749522136	1	0.451575318858726	0.233993475867783	0.449552204538419	0.400322178925726	0.340600713505358	0.482876603836738	-0.123092499791823	0.571882678194734	0.576619575681158	-0.157546342389927	0.11820181698052	0.466817646542088	0.486866985496122	0.649368110489673	0.100257795035897	-0.116283905023702	-0.210363449642304	-0.238226487999401	-0.175372203975476	-0.221146374912309	-0.109396471964392	-0.21227032403316	-0.0643081400191416	-0.123789939949949	0.104814479916697	0.00687409144391027	0.111482198891101	0.269754253200862	-0.227226743031274	0.420666278817689	0.369842815067597	0.610190535131353	0.118315896491547	0.030485122511665	0.114765267714588	0.138577666396131	0.181481979912455	0.359056899023943	0.28691533870646	0.450586339882057	0.455785008701901
FOLA	-0.107112497177466	-0.510863395785927	0.0263822467876697	0.630786459938289	-0.0189829246188317	0.17000266412797	0.23052530084843	0.498384660671654	0.859348020374868	0.0707662613739701	0.738901818099493	0.614597472697063	-0.263853054154094	0.401315474682866	-0.0440858844642328	-0.204070777834055	0.625968862822797	-0.2090516006645	0.594962921741867	0.396867369784089	-0.306164313408879	-0.0622721872519719	0.451575318858726	1	0.773790667608841	0.717679826687608	0.975967323884715	-0.163241745088477	0.776228506166005	0.0619817975819137	0.721248660220935	0.74541142685913	-0.101442168348643	0.518472584922756	0.28096837685874	0.694523471266869	0.525243573529147	-0.53920515504439	-0.135969727560289	-0.176040943444796	-0.1912149621025	-0.116918624726333	-0.206370863319017	0.0374105515446059	-0.208997395076953	-0.138324013064382	-0.0992030373422779	-0.0315358787898793	-0.444766981873807	0.0186652511254579	-0.286934210309501	-0.360529244955427	0.481276504841199	0.52032333005913	0.581249516043054	-0.383633088971703	-0.568745939744226	-0.340108535976471	-0.436157201639129	-0.371739916313728	-0.35305643764548	-0.469362537929957	0.698641525482994	0.745865495402328
FA	0.206542515283731	-0.305262809198996	0.1969297275898	0.841674018292066	0.443815367875627	0.565817221448363	0.48776516136402	0.769548671980186	0.472819462327247	0.270195689392968	0.851433502700332	0.292705101722521	-0.0981272269657205	-0.0333972634876345	0.177490086846604	0.0569839034035245	0.262520000419898	-0.0221938403010644	0.141654396591201	0.343613510700839	-0.085742777179233	0.210224204536868	0.233993475867783	0.773790667608841	1	0.114249302773537	0.89321989099421	-0.135696353721795	0.422002401204981	0.0963619139045573	0.329825931953524	0.443537428323993	-0.334960035465926	0.493514967644013	-0.140121291166779	0.323845791037149	0.062257184868723	-0.420817460572006	0.161845555990478	0.0423049676769847	0.0468422797139011	0.0696977672931718	0.0252395332703215	0.26851569048829	0.108669881942809	0.138837848534901	0.239598846438502	0.105116145729407	-0.22594671963661	0.136406167083251	-0.209758067271441	-0.0588835388445821	0.346898752398276	0.401467470495353	0.306684529569863	-0.26299570095136	-0.427687142239116	-0.28188539199134	-0.356126612194095	-0.363803605830968	-0.414039550709026	-0.439708095717571	0.360175489316874	0.472877470506264
FF	-0.392909796619371	-0.46886656335142	-0.176040838896951	0.0661136738592592	-0.515917377425966	-0.352581290704349	-0.174720351337027	-0.0631101275783991	0.829012189026061	-0.185908308301046	0.223763949230447	0.640143947183373	-0.309359762826999	0.667231969688928	-0.265359440041004	-0.385262192406949	0.693291972603519	-0.306390391860005	0.778164919139062	0.248651954146617	-0.388525588719946	-0.329524623238769	0.449552204538419	0.717679826687608	0.114249302773537	1	0.54870806764155	-0.110131818413759	0.751166872088466	-0.0105169043581391	0.767677037484732	0.680201191775836	0.213618113173039	0.271915651580393	0.593174618407024	0.73234121580674	0.753206712449665	-0.386365059702432	-0.391883469458704	-0.323722413384262	-0.352701630022247	-0.260574723605132	-0.352745946324134	-0.23692564721813	-0.448098957201818	-0.370477667523693	-0.419208037458778	-0.165457584343672	-0.450014447964517	-0.121106683564435	-0.221071148078151	-0.500688192260042	0.371749669412222	0.373393348373533	0.572548812362446	-0.314398221888917	-0.42501642353713	-0.225803990492798	-0.295365521609415	-0.185714396553716	-0.101053254039594	-0.256401113384845	0.700615631995987	0.651108301546148
FDFE	-0.00540518924862333	-0.469050030257167	0.0855679725365727	0.737106617514402	0.138580993421705	0.314762360511137	0.330755370481348	0.61888296553914	0.773105124432881	0.143158039784125	0.817658513562887	0.536407614868785	-0.222400276722085	0.272486200004835	0.0280346388616567	-0.125703694953216	0.534469726613256	-0.15780306395537	0.47220152697699	0.399649138358786	-0.247830770591326	0.0266994206381669	0.400322178925726	0.975967323884715	0.89321989099421	0.54870806764155	1	-0.164139464873138	0.696366132488844	0.078086282808435	0.625016968510518	0.680690111861106	-0.186338976234737	0.53709716944804	0.152251846791824	0.603340880463955	0.394473225961593	-0.528688212136014	-0.0413757652784198	-0.110575658497295	-0.11992546554722	-0.0590757629870377	-0.137996887057372	0.119228899032291	-0.111171727468388	-0.0511269410495026	0.0114328799787661	0.0128487677869456	-0.394199608710807	0.0592523807668433	-0.276634387199738	-0.276532928264471	0.459863148315582	0.506464128797969	0.517131628869385	-0.363219320518191	-0.552046517933423	-0.3393057140877	-0.43310969331948	-0.389983948280418	-0.393694284175176	-0.485685806850429	0.619538930843025	0.6930570978465
VB12	-0.386393123227618	0.760022374601809	0.0790615102792803	-0.307905151516616	0.0452520383482811	-0.199903188617187	-0.0594123753521399	-0.385464371895601	-0.475131541374239	-0.207971477494754	-0.0293707075398913	-0.0631810923749186	0.597795621165752	0.105752455902889	0.644769023662535	0.217702326399232	-0.0870471673093393	0.854228772421494	-0.303995796478173	-0.33590466929462	0.373463793154064	0.637638725080203	0.340600713505358	-0.163241745088477	-0.135696353721795	-0.110131818413759	-0.164139464873138	1	-0.0485168907162434	0.00113989197755527	-0.0689364133237148	0.0619846989248569	-0.479929988615985	-0.429273118601297	-0.0831091302719966	-0.165901340237595	0.029065733166647	0.668589994861951	0.00507404876230218	-0.116356434105765	-0.106959680746955	-0.166053251694897	-0.144416210527219	-0.235134920284614	-0.0586543395419312	0.0737060632644007	-0.000338803434945875	0.0467871710497427	0.308825937677866	0.00681191745138323	0.606897225493195	0.39223526271176	0.16065903210714	0.0548506629749078	0.169734622004472	0.614955845394953	0.674408425002001	0.787240505931572	0.795982848291607	0.818989298434853	0.697609218995065	0.793828503746145	-0.378650594427857	-0.459782830052502
VARA	-0.427615403365094	-0.29760260133825	0.0335211708843547	0.220683257353714	-0.283012517688583	-0.0924108229138705	-0.0143062263815141	0.271861213447146	0.710936740425371	0.129078588942042	0.441293928009544	0.590235011577044	-0.030245293950211	0.342129111540632	-0.330089197780009	0.0914363921095038	0.361779540223466	-0.199469415385887	0.618380898723403	-0.0220300780456194	-0.0558439924817058	-0.247837403977509	0.482876603836738	0.776228506166005	0.422002401204981	0.751166872088466	0.696366132488844	-0.0485168907162434	1	0.388140325242313	0.710224778021217	0.670807923843481	-0.109135927040332	0.281917369110597	0.573952203315038	0.602221377047986	0.716896542493615	-0.206308557118183	-0.0839209983627522	-0.00740511320160994	-0.0456121565997775	0.0108262028468883	-0.0375608154806787	0.112588405599072	-0.0983042144904101	-0.087268244227648	-0.118133518968217	2.8866370486434e-08	-0.234063725879219	0.0376738040352526	-0.284165462824192	-0.58982662788491	0.358315259855769	0.376041822753729	0.516479143397832	-0.461781422211541	-0.284943060643802	-0.359002082863134	-0.34718356121076	-0.301484845522637	-0.154850481764525	-0.144822890813077	0.543620344594429	0.706106738355452
RET	-0.284207931765607	0.25436079092799	0.531326798025049	0.18619467217455	0.292307493898672	0.22438705724014	0.405319527932826	0.36118200530802	-0.0845932272381907	0.686808170617196	0.278407023420599	-0.054112926742489	0.486637383375197	-0.0233746111280565	-0.133784258194508	0.729665754068013	-0.40552400742177	0.0640406253242471	-0.0585551114078386	0.0127860563082575	0.420526338534795	0.061510915077256	-0.123092499791823	0.0619817975819137	0.0963619139045573	-0.0105169043581391	0.078086282808435	0.00113989197755527	0.388140325242313	1	-0.369806486614171	-0.320309596535759	-0.183420784330617	-0.137888647673968	0.0170160862445262	-0.0959056459349112	-0.0490847979709507	0.361098020860225	0.601117092935321	0.662189489578705	0.602516978068517	0.599695645690243	0.617520210693044	0.588954412986602	0.638761583864518	0.58405870908636	0.560893623114828	0.476907815489578	0.495351010843363	0.469821897271393	0.121864851125413	-0.329068402541015	0.266742760726176	0.288712499264209	0.128756322341828	-0.20045255256576	0.315245764040323	-0.207506173389986	-0.0359960262598707	-0.133800326980693	0.0837468260343223	0.230834381634504	-0.260352859615987	-0.0491863391806117
BCAR	-0.22384999552381	-0.505938259715341	-0.390313159823446	0.0611181066295773	-0.531292878507208	-0.290911582111369	-0.339797917228746	-0.00683530812468539	0.783871349961507	-0.394456302852604	0.205069726997689	0.643700359004167	-0.40945958864964	0.357590886206783	-0.271969165594538	-0.478403741580927	0.675732905615608	-0.276096978316664	0.680274922773011	-0.0376816897128842	-0.376206005351246	-0.3287512555248	0.571882678194734	0.721248660220935	0.329825931953524	0.767677037484732	0.625016968510518	-0.0689364133237148	0.710224778021217	-0.369806486614171	1	0.889960217625272	0.0625015990981412	0.395367238314858	0.587150733037475	0.659855242643671	0.757361290090524	-0.493712311222994	-0.552083683826391	-0.508490316856029	-0.50164835229796	-0.438558400339376	-0.50510763925408	-0.326416552273805	-0.586716024951569	-0.546333267955669	-0.559355966545799	-0.377634858985071	-0.621238192047919	-0.334199664287612	-0.391021091947569	-0.359209947497793	0.12210072884091	0.124683420863496	0.38756091965829	-0.322624788586672	-0.541071832979382	-0.215534236858393	-0.331528317139683	-0.211150121240718	-0.218695187240722	-0.331073571734041	0.725198495649926	0.753624986835607
ACAR	-0.156052010780752	-0.374163638000426	-0.22292949012206	0.17853778109716	-0.333591378360858	-0.0893568040695183	-0.198517650645689	0.0352287659795061	0.690649211522637	-0.336169545801375	0.365856591938465	0.538161817642035	-0.307529465598415	0.353508449666549	0.0106526857441185	-0.322171626546273	0.587315030619545	-0.0818332685179763	0.536190959834445	-0.00624683650409286	-0.330295240153432	-0.0961690760824154	0.576619575681158	0.74541142685913	0.443537428323993	0.680201191775836	0.680690111861106	0.0619846989248569	0.670807923843481	-0.320309596535759	0.889960217625272	1	-0.164946662166214	0.313875073248583	0.401554169529004	0.725112237100619	0.709417145141934	-0.369785242585639	-0.429556460576202	-0.470136051634528	-0.464210914643375	-0.4319308388578	-0.465730679378973	-0.338316634863813	-0.513300055785057	-0.40022940826082	-0.41611115458218	-0.244710014417926	-0.502593122978977	-0.20606713225532	-0.278414690896541	-0.232846229008896	0.340929763615624	0.333949292938663	0.575459588015659	-0.233486293158197	-0.394866476687174	-0.123194441643497	-0.242157648179621	-0.133618594221142	-0.202229344381697	-0.233382280629469	0.790562813677911	0.659305867168052
CRYP	0.260113637791301	-0.476912267207923	-0.138974894908754	-0.0671910009417495	-0.09331328633642	-0.150060727989624	-0.2435008251209	0.00677743420671533	0.319198341201312	-0.00482191382011744	-0.301836700194045	-0.00764557356177736	-0.417287020335879	0.290275447087276	-0.57115556646068	-0.439840177785853	0.175858264025715	-0.549795843659732	0.41012087235443	0.220396733666924	-0.344612834147955	-0.385495579617156	-0.157546342389927	-0.101442168348643	-0.334960035465926	0.213618113173039	-0.186338976234737	-0.479929988615985	-0.109135927040332	-0.183420784330617	0.0625015990981412	-0.164946662166214	1	0.126375250412629	0.259328736201362	0.156861266371375	0.0845826359869123	-0.365620363711064	-0.157736202086629	-0.066085031205951	-0.0880137704491366	-0.0212749823832994	-0.104955225179709	-0.0595171684921579	-0.137023805903471	-0.17388156733549	-0.17412382713753	-0.00569891230763197	-0.101414743677786	0.0127794506322951	-0.313114547946595	-0.397759380528728	-0.206294511441137	-0.155775672826869	-0.18887404061604	-0.37777095371218	-0.401870542309625	-0.424075426767587	-0.40775277100641	-0.3862845290648	-0.201167050272347	-0.392263240388593	0.122969686145775	0.145989541204397
